1	4	27
1	15	37
1	16	26
1	17	31
1	25	28
1	28	27
1	34	30
1	45	27
1	73	28
1	74	29
1	75	30
1	81	31
1	83	30
1	84	31
1	86	26
1	89	28
1	93	31
1	96	26
1	110	27
1	113	30
1	124	28
1	130	27
1	131	28
1	133	32
1	146	29
1	152	31
1	156	27
1	166	31
1	180	32
1	190	30
1	194	31
1	197	29
1	207	29
1	214	34
1	220	29
1	225	30
1	226	27
1	230	29
1	233	30
1	238	28
1	244	29
1	245	30
1	246	29
1	250	25
1	261	29
1	264	33
1	269	30
1	272	30
1	281	29
1	288	28
1	292	33
1	302	29
1	304	28
1	312	27
1	329	29
1	330	34
1	336	31
1	337	31
1	339	30
1	346	32
1	347	33
1	348	30
1	366	30
1	374	33
1	381	28
1	384	31
1	389	30
1	393	34
1	394	30
1	395	30
1	396	32
1	397	31
1	399	27
1	400	30
1	403	27
1	419	28
1	424	31
1	425	31
1	437	31
1	438	30
1	439	33
1	443	29
1	454	30
1	456	28
1	466	29
1	475	29
1	488	29
1	490	27
1	492	29
1	505	28
1	515	30
1	517	32
1	521	33
1	523	28
1	526	30
1	544	36
1	549	29
1	550	29
1	551	29
1	553	28
1	556	30
1	558	31
1	568	33
1	579	30
1	605	29
1	609	31
1	613	31
1	616	29
1	618	27
1	619	30
1	627	28
1	631	29
1	639	32
1	640	30
1	644	29
1	650	29
1	670	29
1	685	27
1	686	30
1	693	28
1	704	29
1	706	28
1	707	28
1	708	31
1	713	31
1	720	25
1	722	27
1	724	34
1	727	34
1	728	29
1	742	29
1	745	33
1	752	25
1	768	27
1	771	28
1	772	31
1	784	28
1	788	33
1	791	29
1	792	31
1	794	27
1	798	28
1	802	28
1	809	29
1	811	27
1	812	27
1	819	31
1	822	31
1	823	25
1	834	26
1	841	29
1	843	29
1	845	28
1	856	32
1	860	30
1	861	27
1	864	29
1	868	28
1	874	30
1	881	28
1	893	27
1	902	31
1	908	33
1	915	29
1	917	27
1	918	26
1	919	30
1	923	32
1	936	32
1	941	28
1	956	30
1	965	30
1	967	26
1	968	30
1	969	28
1	977	32
1	984	29
1	995	25
1	997	33
1	1001	28
1	1007	29
1	1019	31
1	1022	31
1	1028	31
1	1035	27
1	1046	26
1	1061	31
1	1071	29
1	1074	31
1	1075	28
1	1076	28
1	1078	33
1	1079	28
1	1082	29
1	1084	28
1	1085	31
1	1090	27
1	1093	29
1	1100	33
1	1126	30
1	1139	31
1	1148	32
1	1150	28
1	1151	33
1	1152	30
1	1157	28
1	1159	30
1	1160	32
1	1167	31
1	1169	26
1	1179	29
1	1180	27
1	1181	28
1	1187	28
1	1191	30
1	1198	26
1	1202	31
1	1207	30
1	1209	32
1	1223	29
1	1228	31
1	1231	28
1	1233	29
1	1239	28
1	1243	29
1	1248	25
1	1251	29
1	1256	31
1	1260	32
1	1263	32
1	1264	30
1	1275	29
1	1280	30
1	1282	31
1	1283	29
1	1297	28
1	1302	29
1	1308	31
1	1309	31
1	1310	29
1	1313	27
1	1315	33
1	1321	26
1	1329	31
1	1340	29
1	1342	28
1	1346	28
1	1347	30
1	1365	27
1	1366	29
1	1367	27
1	1372	29
1	1374	31
1	1381	30
1	1401	25
1	1414	32
1	1423	31
1	1425	28
1	1426	30
1	1440	24
1	1443	30
1	1450	29
1	1461	30
1	1472	29
1	1475	32
1	1477	30
1	1488	30
1	1493	27
1	1495	30
1	1499	29
1	1500	30
1	1501	30
1	1513	27
1	1514	30
1	1533	31
1	1535	25
1	1538	29
1	1548	31
1	1550	29
1	1557	26
1	1559	31
1	1571	29
1	1576	30
1	1577	27
1	1579	25
1	1581	29
1	1594	28
1	1595	32
1	1602	31
1	1606	31
1	1607	31
1	1612	32
1	1625	29
1	1644	31
1	1647	27
1	1649	30
1	1658	27
1	1659	31
1	1663	26
1	1664	31
1	1668	32
1	1669	31
1	1671	30
1	1674	29
1	1683	33
1	1691	27
1	1694	30
1	1695	27
1	1700	30
1	1704	29
1	1716	33
1	1727	32
1	1734	30
1	1739	30
1	1750	29
1	1752	30
1	1757	28
1	1764	31
1	1766	30
1	1778	29
1	1783	29
1	1786	28
1	1787	28
1	1790	29
1	1797	33
1	1807	26
1	1808	26
1	1813	30
1	1814	26
1	1815	29
1	1819	33
1	1827	30
1	1828	31
1	1838	28
1	1845	32
1	1847	27
1	1851	29
1	1858	30
1	1873	27
1	1877	29
1	1880	28
1	1883	29
1	1887	29
1	1890	29
1	1894	35
1	1908	31
1	1917	29
1	1919	30
1	1924	29
1	1955	33
1	1959	28
1	1960	31
1	1963	28
1	1964	29
1	1965	29
1	1973	30
1	1976	29
1	1980	29
1	1981	28
1	1995	27
1	1996	30
1	1997	31
1	2003	28
1	2020	31
1	2024	31
1	2029	32
1	2035	30
1	2036	30
1	2037	31
1	2040	30
1	2041	28
1	2051	32
1	2052	30
1	2058	29
1	2063	31
1	2068	33
1	2076	30
1	2083	29
1	2084	29
1	2086	33
1	2089	30
1	2093	29
1	2097	29
1	2112	32
1	2113	30
1	2114	26
1	2126	27
1	2131	31
1	2134	29
1	2135	30
1	2136	29
1	2139	32
1	2148	34
1	2154	30
1	2158	26
1	2180	29
1	2182	30
1	2189	31
1	2191	31
1	2195	31
1	2196	32
1	2204	28
1	2210	29
1	2222	29
1	2225	32
1	2245	31
1	2254	30
1	2264	30
1	2268	31
1	2272	30
1	2274	28
1	2281	31
1	2284	27
1	2299	30
1	2301	29
1	2314	27
1	2329	30
1	2341	31
1	2344	26
1	2349	27
1	2352	28
1	2354	27
1	2358	28
1	2359	33
1	2360	29
1	2366	27
1	2368	31
1	2377	28
1	2385	26
1	2389	30
1	2390	29
1	2402	31
1	2404	28
1	2432	31
1	2439	33
1	2440	33
1	2442	30
1	2444	28
1	2446	33
1	2458	31
1	2460	26
1	2461	30
1	2463	32
1	2467	30
1	2473	26
1	2483	32
1	2491	32
1	2498	30
1	2500	32
1	2502	30
1	2515	28
1	2521	30
1	2524	27
1	2531	29
1	2536	26
1	2538	29
1	2542	31
1	2546	28
1	2564	34
1	2565	26
1	2569	30
1	2570	32
1	2571	31
1	2581	31
1	2583	29
1	2585	29
1	2595	30
1	2596	30
1	2597	30
1	2600	29
1	2603	31
1	2619	26
1	2624	26
1	2633	34
1	2634	31
1	2640	29
1	2648	26
1	2689	30
1	2696	28
1	2709	29
1	2716	32
1	2717	30
1	2722	30
1	2724	28
1	2729	34
1	2732	33
1	2734	31
1	2746	27
1	2757	28
1	2761	29
1	2772	27
1	2773	32
1	2790	28
1	2826	29
1	2834	30
1	2842	29
1	2847	29
1	2849	28
1	2859	31
1	2862	30
1	2866	28
1	2872	27
1	2891	27
1	2895	30
1	2903	31
1	2913	31
1	2916	28
1	2923	28
1	2935	29
1	2937	31
1	2953	30
1	2962	30
1	2966	29
1	2969	27
1	2972	28
1	2974	29
1	2994	30
1	3031	30
1	3037	29
1	3046	33
1	3053	28
1	3077	30
1	3081	29
1	3091	31
1	3102	30
1	3117	32
1	3119	28
1	3125	29
1	3129	31
1	3133	30
1	3142	30
1	3145	27
1	3155	33
1	3162	29
1	3166	27
1	3177	31
1	3179	29
1	3189	31
1	3193	28
1	3195	30
1	3207	30
1	3208	32
1	3212	31
1	3222	29
1	3224	29
1	3228	30
1	3231	27
1	3233	32
1	3234	28
1	3235	27
1	3239	32
1	3243	34
1	3249	28
1	3250	32
1	3251	29
1	3252	28
1	3254	29
1	3257	29
1	3261	29
1	3265	31
1	3272	27
1	3285	27
1	3287	31
1	3302	27
1	3308	29
1	3317	28
1	3321	27
1	3322	30
1	3327	29
1	3336	27
1	3338	26
1	3340	32
1	3349	27
1	3368	29
1	3370	34
1	3382	31
1	3389	28
1	3400	29
1	3403	28
1	3407	29
1	3416	30
1	3418	29
1	3421	27
1	3424	29
1	3447	29
1	3448	32
1	3465	32
1	3474	27
1	3475	29
1	3484	29
1	3488	28
1	3493	32
1	3499	32
1	3505	30
1	3509	29
1	3514	33
1	3519	33
1	3530	32
1	3533	28
1	3539	29
1	3546	33
1	3558	29
1	3567	26
1	3586	28
1	3591	28
1	3602	29
1	3612	25
1	3617	32
1	3623	27
1	3628	31
1	3661	29
1	3665	31
1	3672	27
1	3678	28
1	3688	29
1	3691	30
1	3702	29
1	3707	30
1	3712	29
1	3715	31
1	3717	29
1	3720	27
1	3728	31
1	3729	28
1	3732	34
1	3739	27
1	3741	28
1	3752	29
1	3766	33
1	3770	31
1	3774	30
1	3776	31
1	3778	30
1	3781	31
1	3783	28
1	3784	31
1	3789	28
1	3794	29
1	3804	28
1	3805	31
1	3819	29
1	3821	31
1	3835	32
1	3839	31
1	3840	31
1	3842	31
1	3859	29
1	3860	30
1	3868	32
1	3870	30
1	3873	30
1	3877	28
1	3894	28
1	3901	29
1	3904	27
1	3908	28
1	3920	27
1	3922	30
1	3924	29
1	3925	29
1	3935	30
1	3936	27
1	3938	33
1	3966	31
1	3973	29
1	3976	28
1	3990	35
1	3993	31
1	3996	29
1	4001	30
1	4006	30
1	4013	28
1	4022	29
1	4036	30
1	4049	32
1	4057	29
1	4062	30
1	4066	26
1	4067	30
1	4078	29
1	4083	32
1	4084	31
1	4088	27
1	4096	30
1	4097	31
1	4105	27
1	4106	28
1	4109	33
1	4110	29
1	4120	33
1	4121	27
1	4122	30
1	4123	31
1	4125	32
1	4139	30
1	4144	26
1	4147	27
1	4160	27
1	4165	31
1	4173	29
1	4176	31
1	4182	29
1	4186	28
1	4193	28
1	4198	30
1	4205	33
1	4208	31
1	4218	32
1	4225	28
1	4226	30
1	4231	29
1	4234	28
1	4235	31
1	4239	28
1	4244	32
1	4246	31
1	4256	31
1	4257	27
1	4259	31
1	4269	30
1	4280	28
1	4288	27
1	4299	30
1	4316	29
1	4324	30
1	4325	29
1	4343	30
1	4347	31
1	4348	31
1	4353	30
1	4358	30
1	4360	30
1	4366	26
1	4370	27
1	4371	29
1	4372	30
1	4373	31
1	4374	28
1	4388	30
1	4412	30
1	4415	29
1	4424	31
1	4436	29
1	4438	31
1	4458	29
1	4459	23
1	4474	27
1	4483	29
1	4489	30
1	4491	31
1	4492	33
1	4499	32
1	4516	32
1	4520	32
1	4522	32
1	4523	27
1	4544	29
1	4546	26
1	4547	30
1	4553	31
1	4554	27
1	4555	33
1	4560	33
1	4562	28
1	4576	29
1	4579	33
1	4580	29
1	4583	27
1	4588	28
1	4589	33
1	4599	31
1	4612	27
1	4625	28
1	4626	28
1	4627	32
1	4632	28
1	4643	33
1	4646	27
1	4648	29
1	4649	30
1	4656	34
1	4658	30
1	4665	31
1	4668	28
1	4671	27
1	4673	32
1	4674	28
1	4676	30
1	4677	30
1	4681	26
1	4686	27
1	4687	27
1	4688	28
1	4699	27
1	4701	30
1	4705	28
1	4716	28
1	4723	31
1	4732	31
1	4733	30
1	4739	29
1	4742	31
1	4750	30
1	4752	24
1	4755	26
1	4776	31
1	4782	28
1	4784	28
1	4785	28
1	4789	29
1	4793	27
1	4794	28
1	4798	29
1	4804	30
1	4814	30
1	4817	30
1	4822	30
1	4824	29
1	4825	29
1	4834	28
1	4835	29
1	4837	27
1	4843	31
1	4845	33
1	4847	27
1	4850	30
1	4856	28
1	4864	29
1	4867	32
1	4868	28
1	4871	31
1	4877	28
1	4890	27
1	4897	28
1	4901	30
1	4902	31
1	4903	28
1	4907	27
1	4923	27
1	4925	29
1	4946	31
1	4966	29
1	4969	27
1	4983	32
1	4984	33
1	4996	32
1	5001	32
1	5002	32
1	5003	32
1	5009	26
1	5015	30
1	5029	30
1	5042	30
1	5043	30
1	5046	32
1	5050	27
1	5053	29
1	5061	25
1	5062	28
1	5065	25
1	5066	28
1	5073	32
1	5078	29
1	5080	31
1	5082	31
1	5112	32
1	5116	27
1	5126	27
1	5132	29
1	5138	27
1	5139	31
1	5142	29
1	5147	31
1	5149	27
1	5152	30
1	5153	30
1	5155	31
1	5159	28
1	5161	30
1	5167	31
1	5172	32
1	5190	30
1	5196	28
1	5207	28
1	5209	32
1	5213	29
1	5218	33
1	5224	29
1	5226	27
1	5231	30
1	5232	34
1	5234	34
1	5239	30
1	5242	31
1	5243	31
1	5260	29
1	5268	35
1	5274	30
1	5284	26
1	5285	27
1	5287	29
1	5292	28
1	5310	31
1	5316	29
1	5334	29
1	5360	29
1	5361	31
1	5363	29
1	5364	31
1	5367	27
1	5368	26
1	5375	31
1	5380	31
1	5381	28
1	5388	31
1	5410	27
1	5416	32
1	5422	29
1	5433	28
1	5439	28
1	5449	30
1	5452	31
1	5453	30
1	5466	32
1	5482	28
1	5491	29
1	5493	27
1	5499	31
1	5502	26
1	5504	30
1	5507	29
1	5517	30
1	5526	30
1	5535	26
1	5541	33
1	5553	30
1	5561	29
1	5567	27
1	5570	29
1	5572	29
1	5591	29
1	5593	31
1	5602	30
1	5615	32
1	5617	29
1	5621	32
1	5632	28
1	5645	31
1	5659	29
1	5668	28
1	5673	30
1	5675	30
1	5680	27
1	5689	26
1	5692	30
1	5700	27
1	5701	31
1	5705	28
1	5706	29
1	5725	31
1	5727	29
1	5729	27
1	5730	28
1	5741	32
1	5747	27
1	5781	30
1	5784	35
1	5786	32
1	5801	32
1	5806	31
1	5807	26
1	5810	30
1	5814	28
1	5818	28
1	5828	34
1	5837	29
1	5844	31
1	5850	27
1	5854	28
1	5861	30
1	5871	28
1	5877	32
1	5878	29
1	5882	27
1	5894	31
1	5898	29
1	5907	30
1	5917	30
1	5919	31
1	5923	29
1	5926	29
1	5933	27
1	5937	33
1	5949	30
1	5950	31
1	5953	29
1	5957	31
1	5968	31
1	5969	30
1	5976	27
1	5978	29
1	5994	29
1	6002	30
1	6014	30
1	6016	29
1	6026	31
1	6029	29
1	6030	27
1	6031	28
1	6033	28
1	6043	28
1	6046	30
1	6052	32
1	6055	29
1	6067	28
1	6068	30
1	6081	29
1	6087	30
1	6096	30
1	6097	26
1	6098	30
1	6104	30
1	6107	31
1	6112	29
1	6113	32
1	6131	32
1	6133	29
1	6134	29
1	6145	29
1	6163	24
1	6174	30
1	6176	25
1	6178	27
1	6187	29
1	6191	28
1	6193	31
1	6195	29
1	6197	31
1	6199	30
1	6201	30
1	6216	30
1	6218	29
1	6228	31
1	6239	30
1	6250	29
1	6253	26
1	6254	31
1	6258	29
1	6279	31
1	6282	29
1	6283	27
1	6284	29
1	6288	29
1	6303	29
1	6307	30
1	6318	29
1	6319	28
1	6320	29
1	6321	34
1	6323	31
1	6331	30
1	6346	28
1	6348	29
1	6351	28
1	6361	33
1	6362	29
1	6372	33
1	6373	34
1	6382	28
1	6383	29
1	6385	30
1	6388	31
1	6393	24
1	6398	29
1	6399	29
1	6405	27
1	6407	30
1	6409	30
1	6412	28
1	6415	31
1	6418	31
1	6420	32
1	6421	29
1	6428	29
1	6438	30
1	6441	30
1	6454	31
1	6466	27
1	6469	25
1	6478	27
1	6491	30
1	6499	30
1	6504	30
1	6515	34
1	6521	34
1	6522	30
1	6529	28
1	6531	27
1	6535	30
1	6536	28
1	6540	26
1	6545	29
1	6558	28
1	6572	29
1	6581	30
1	6585	28
1	6594	31
1	6595	29
1	6601	26
1	6606	29
1	6607	29
1	6611	29
1	6616	29
1	6617	31
1	6620	31
1	6624	30
1	6629	28
1	6630	31
1	6635	29
1	6637	29
1	6639	31
1	6651	28
1	6652	31
1	6657	30
1	6675	27
1	6679	29
1	6689	26
1	6690	34
1	6696	29
1	6699	29
1	6702	29
1	6709	30
1	6713	32
1	6721	28
1	6723	30
1	6739	30
1	6743	33
1	6744	31
1	6754	33
1	6756	31
1	6762	27
1	6766	29
1	6767	31
1	6768	31
1	6774	27
1	6783	26
1	6785	30
1	6794	29
1	6805	29
1	6809	28
1	6820	31
1	6830	31
1	6836	28
1	6837	31
1	6840	28
1	6850	29
1	6851	28
1	6865	31
1	6874	26
1	6875	31
1	6876	29
1	6878	28
1	6880	32
1	6889	30
1	6891	28
1	6921	28
1	6926	28
1	6927	33
1	6932	32
1	6945	29
1	6951	31
1	6954	32
1	6957	29
1	6968	32
1	6969	27
1	6996	30
1	7002	30
1	7007	30
1	7014	29
1	7018	31
1	7019	32
1	7025	27
1	7035	29
1	7037	29
1	7060	27
1	7063	32
1	7065	27
1	7075	30
1	7077	32
1	7079	28
1	7093	30
1	7096	31
1	7098	32
1	7103	29
1	7107	24
1	7109	31
1	7111	31
1	7120	28
1	7137	29
1	7154	30
1	7162	25
1	7173	32
1	7174	30
1	7198	27
1	7202	33
1	7204	29
1	7216	29
1	7217	28
1	7221	27
1	7222	32
1	7229	27
1	7234	27
1	7242	33
1	7253	32
1	7270	26
1	7273	28
1	7275	33
1	7276	28
1	7279	28
1	7287	31
1	7294	28
1	7295	30
1	7296	28
1	7300	28
1	7301	30
1	7302	30
1	7309	28
1	7318	30
1	7319	32
1	7324	31
1	7327	28
1	7339	28
1	7342	30
1	7354	33
1	7360	32
1	7366	32
1	7368	33
1	7376	28
1	7389	27
1	7391	28
1	7393	27
1	7399	27
1	7407	29
1	7409	30
1	7425	28
1	7428	29
1	7435	30
1	7445	30
1	7447	30
1	7454	30
1	7455	26
1	7473	32
1	7497	25
1	7499	30
1	7504	28
1	7510	32
1	7511	29
1	7513	32
1	7515	32
1	7525	30
1	7530	29
1	7533	28
1	7534	32
1	7535	29
1	7536	28
1	7544	30
1	7551	27
1	7561	29
1	7565	27
1	7574	30
1	7579	29
1	7584	27
1	7590	31
1	7607	29
1	7622	30
1	7634	29
1	7642	27
1	7646	31
1	7647	26
1	7653	34
1	7669	26
1	7670	29
1	7671	32
1	7672	30
1	7681	32
1	7697	32
1	7719	29
1	7728	29
1	7730	32
1	7732	30
1	7734	27
1	7741	30
1	7745	29
1	7764	28
1	7772	30
1	7775	28
1	7776	29
1	7785	31
1	7791	29
1	7797	31
1	7810	30
1	7815	30
1	7821	29
1	7832	29
1	7842	32
1	7851	30
1	7861	28
1	7865	33
1	7872	27
1	7874	28
1	7876	29
1	7884	27
1	7897	29
1	7898	31
1	7901	30
1	7906	32
1	7913	29
1	7915	27
1	7929	28
1	7930	32
1	7933	29
1	7935	30
1	7936	29
1	7938	29
1	7941	29
1	7944	27
1	7945	27
1	7949	30
1	7954	30
1	7974	34
1	7977	29
1	7987	32
1	7993	29
1	7996	29
1	8000	30
1	8003	31
1	8014	29
1	8015	28
1	8017	28
1	8020	28
1	8034	29
1	8035	29
1	8044	31
1	8058	33
1	8073	30
1	8085	28
1	8091	29
1	8099	26
1	8100	30
1	8103	29
1	8105	29
1	8106	30
1	8108	26
1	8110	29
1	8118	26
1	8129	33
1	8139	30
1	8146	28
1	8149	31
1	8152	28
1	8154	27
1	8163	29
1	8166	31
1	8170	30
1	8175	24
1	8177	29
1	8193	28
1	8207	30
1	8208	34
1	8216	29
1	8235	30
1	8238	26
1	8241	31
1	8247	31
1	8254	30
1	8256	29
1	8258	29
1	8264	28
1	8265	28
1	8273	30
1	8279	30
1	8280	33
1	8287	31
1	8297	33
1	8299	29
1	8304	31
1	8320	33
1	8321	31
1	8327	29
1	8346	26
1	8348	30
1	8350	28
1	8354	29
1	8355	33
1	8356	32
1	8358	27
1	8362	29
1	8368	34
1	8377	31
1	8378	34
1	8381	32
1	8384	29
1	8386	30
1	8395	34
1	8397	29
1	8399	29
1	8407	28
1	8408	30
1	8417	30
1	8423	29
1	8424	30
1	8436	32
1	8452	31
1	8469	30
1	8479	32
1	8494	27
1	8496	27
1	8497	27
1	8510	30
1	8516	26
1	8517	29
1	8528	30
1	8535	32
1	8563	27
1	8567	29
1	8580	29
1	8592	27
1	8594	30
1	8599	28
1	8604	26
1	8610	28
1	8617	30
1	8634	30
1	8638	31
1	8639	27
1	8640	32
1	8645	29
1	8650	35
1	8653	32
1	8663	31
1	8664	29
1	8665	29
1	8671	28
1	8675	29
1	8678	30
1	8683	30
1	8684	31
1	8688	28
1	8690	28
1	8694	29
1	8698	28
1	8715	32
1	8718	30
1	8720	28
1	8730	32
1	8731	28
1	8736	28
1	8740	32
1	8741	25
1	8747	29
1	8749	29
1	8751	27
1	8752	27
1	8757	32
1	8780	33
1	8781	28
1	8790	32
1	8801	31
1	8810	30
1	8814	28
1	8816	32
1	8819	29
1	8833	28
1	8838	31
1	8855	32
1	8865	28
1	8871	32
1	8876	33
1	8888	28
1	8895	30
1	8905	28
1	8911	28
1	8912	32
1	8914	31
1	8916	28
1	8945	25
1	8948	30
1	8950	28
1	8957	27
1	8964	27
1	8965	31
1	8971	29
1	8975	31
1	8979	26
1	8981	30
1	9022	27
1	9030	30
1	9033	29
1	9036	31
1	9044	28
1	9054	29
1	9055	29
1	9057	27
1	9060	28
1	9076	29
1	9084	27
1	9085	29
1	9088	30
1	9101	34
1	9103	30
1	9107	30
1	9141	29
1	9142	30
1	9159	29
1	9164	31
1	9166	30
1	9169	32
1	9175	25
1	9177	28
1	9178	30
1	9183	28
1	9201	26
1	9216	32
1	9218	33
1	9223	30
1	9227	30
1	9228	30
1	9230	29
1	9234	32
1	9238	31
1	9254	30
1	9256	32
1	9258	28
1	9259	33
1	9264	30
1	9266	28
1	9287	24
1	9300	23
1	9301	29
1	9304	34
1	9312	31
1	9330	30
1	9336	30
1	9346	29
1	9347	32
1	9348	33
1	9358	29
1	9369	32
1	9382	27
1	9387	27
1	9392	30
1	9397	30
1	9405	27
1	9407	29
1	9411	32
1	9414	29
1	9415	32
1	9417	31
1	9418	28
1	9429	30
1	9456	29
1	9457	32
1	9461	31
1	9463	26
1	9465	29
1	9468	29
1	9478	32
1	9482	27
1	9484	29
1	9500	31
1	9503	30
1	9510	25
1	9518	28
1	9526	30
1	9534	29
1	9538	29
1	9541	28
1	9550	27
1	9569	29
1	9572	31
1	9575	27
1	9579	27
1	9582	32
1	9584	27
1	9596	26
1	9621	28
1	9625	27
1	9636	30
1	9643	29
1	9662	27
1	9676	30
1	9683	30
1	9694	31
1	9703	29
1	9706	32
1	9712	30
1	9717	29
1	9734	32
1	9736	29
1	9747	30
1	9748	28
1	9757	31
1	9758	30
1	9763	30
1	9765	36
1	9766	29
1	9769	25
1	9783	26
1	9788	27
1	9789	29
1	9790	31
1	9800	28
1	9817	30
1	9824	30
1	9832	29
1	9833	26
1	9837	31
1	9841	33
1	9843	24
1	9849	31
1	9860	30
1	9861	33
1	9863	28
1	9870	27
1	9871	30
1	9873	26
1	9881	27
1	9887	30
1	9890	26
1	9896	30
1	9899	33
1	9901	29
1	9904	28
1	9905	29
1	9909	30
1	9915	30
1	9924	31
1	9935	26
1	9941	24
1	9943	30
1	9947	29
1	9948	29
1	9955	28
1	9963	27
1	9967	29
1	9971	25
1	9977	30
1	9982	29
1	9986	26
1	9987	29
1	9988	30
2	3	28
2	8	30
2	12	44
2	14	40
2	19	45
2	28	43
2	32	31
2	38	29
2	50	27
2	53	32
2	59	31
2	75	29
2	88	31
2	91	46
2	108	31
2	119	44
2	120	30
2	126	42
2	142	45
2	143	42
2	144	47
2	162	29
2	163	29
2	165	32
2	167	45
2	171	27
2	174	46
2	183	41
2	195	45
2	196	28
2	200	29
2	205	29
2	208	28
2	213	46
2	221	27
2	223	46
2	229	44
2	230	43
2	240	49
2	241	43
2	243	46
2	253	43
2	255	45
2	257	49
2	264	40
2	265	46
2	270	30
2	271	44
2	291	35
2	292	30
2	297	33
2	302	44
2	305	44
2	310	43
2	318	25
2	323	27
2	332	42
2	335	41
2	336	47
2	339	27
2	344	30
2	355	30
2	357	29
2	360	31
2	366	43
2	367	30
2	372	32
2	388	45
2	393	25
2	398	44
2	401	45
2	404	31
2	413	43
2	414	29
2	424	27
2	428	27
2	435	30
2	437	27
2	444	31
2	448	32
2	449	41
2	451	31
2	452	27
2	453	45
2	456	29
2	465	44
2	468	28
2	475	47
2	479	29
2	480	31
2	483	28
2	495	31
2	497	43
2	516	27
2	521	32
2	524	29
2	536	45
2	543	28
2	551	31
2	562	43
2	569	43
2	588	30
2	590	44
2	595	44
2	599	39
2	608	32
2	613	29
2	630	43
2	633	41
2	640	30
2	650	45
2	652	28
2	668	30
2	674	27
2	678	45
2	683	26
2	690	48
2	698	35
2	708	42
2	720	28
2	725	30
2	733	44
2	743	31
2	747	29
2	753	43
2	759	45
2	764	43
2	780	31
2	783	32
2	784	30
2	805	44
2	815	31
2	823	31
2	833	33
2	836	44
2	837	43
2	848	43
2	851	46
2	856	28
2	866	29
2	869	45
2	870	47
2	872	43
2	876	42
2	887	44
2	888	46
2	891	31
2	894	30
2	908	45
2	909	45
2	914	48
2	919	30
2	940	27
2	943	45
2	965	44
2	966	32
2	971	46
2	974	47
2	976	30
2	978	46
2	987	41
2	991	45
2	997	46
2	1002	42
2	1003	45
2	1005	30
2	1009	50
2	1034	44
2	1040	31
2	1045	28
2	1059	28
2	1065	32
2	1067	47
2	1068	29
2	1072	30
2	1088	28
2	1091	44
2	1100	26
2	1112	28
2	1114	47
2	1121	45
2	1125	31
2	1126	42
2	1128	29
2	1129	45
2	1140	46
2	1144	28
2	1149	30
2	1150	27
2	1156	47
2	1174	28
2	1175	28
2	1177	31
2	1185	44
2	1186	28
2	1188	33
2	1191	29
2	1194	43
2	1202	32
2	1206	29
2	1212	46
2	1217	30
2	1223	46
2	1236	30
2	1240	29
2	1250	27
2	1269	28
2	1272	44
2	1276	30
2	1278	46
2	1280	41
2	1281	46
2	1283	45
2	1284	45
2	1297	29
2	1302	32
2	1315	27
2	1317	44
2	1319	46
2	1326	29
2	1330	44
2	1333	47
2	1345	46
2	1347	46
2	1360	29
2	1361	34
2	1364	32
2	1370	31
2	1371	44
2	1376	31
2	1393	31
2	1397	29
2	1401	46
2	1411	47
2	1416	29
2	1427	29
2	1433	31
2	1438	30
2	1445	34
2	1455	48
2	1459	31
2	1461	33
2	1480	31
2	1481	31
2	1482	31
2	1488	30
2	1491	46
2	1494	32
2	1503	46
2	1505	30
2	1506	47
2	1508	29
2	1511	30
2	1512	44
2	1536	47
2	1544	43
2	1547	30
2	1549	45
2	1566	42
2	1572	29
2	1586	27
2	1598	29
2	1599	32
2	1611	42
2	1618	32
2	1621	29
2	1623	31
2	1631	47
2	1632	45
2	1637	45
2	1642	45
2	1647	41
2	1664	28
2	1674	31
2	1675	28
2	1678	29
2	1681	40
2	1687	29
2	1689	33
2	1709	30
2	1714	31
2	1718	45
2	1730	45
2	1735	43
2	1737	46
2	1752	42
2	1766	45
2	1768	29
2	1769	34
2	1777	30
2	1786	28
2	1790	47
2	1793	26
2	1795	43
2	1798	30
2	1799	30
2	1800	44
2	1816	43
2	1817	44
2	1819	29
2	1828	27
2	1829	46
2	1851	28
2	1857	47
2	1858	41
2	1865	42
2	1873	26
2	1876	45
2	1879	27
2	1881	45
2	1886	45
2	1892	27
2	1894	45
2	1899	31
2	1916	47
2	1920	47
2	1931	33
2	1943	46
2	1948	31
2	1950	46
2	1957	42
2	1967	46
2	1973	46
2	1982	28
2	1988	29
2	1989	47
2	2007	45
2	2010	46
2	2013	30
2	2025	46
2	2036	43
2	2042	30
2	2045	44
2	2054	46
2	2057	29
2	2068	33
2	2077	46
2	2080	29
2	2086	32
2	2109	48
2	2110	46
2	2112	46
2	2114	28
2	2116	30
2	2118	31
2	2119	28
2	2120	44
2	2131	42
2	2137	31
2	2140	42
2	2142	29
2	2149	31
2	2155	33
2	2163	43
2	2165	41
2	2174	28
2	2180	28
2	2183	48
2	2186	46
2	2191	29
2	2198	28
2	2201	45
2	2212	43
2	2221	26
2	2224	28
2	2226	30
2	2227	31
2	2230	28
2	2232	41
2	2233	29
2	2242	46
2	2243	28
2	2251	46
2	2255	43
2	2256	26
2	2269	44
2	2277	30
2	2278	41
2	2281	26
2	2284	43
2	2291	31
2	2293	45
2	2294	25
2	2317	46
2	2318	45
2	2319	46
2	2320	45
2	2322	45
2	2325	32
2	2335	26
2	2337	29
2	2339	47
2	2351	43
2	2353	45
2	2356	50
2	2367	48
2	2369	29
2	2373	44
2	2379	29
2	2387	45
2	2391	32
2	2392	42
2	2402	31
2	2404	30
2	2418	29
2	2421	27
2	2422	33
2	2423	45
2	2433	27
2	2447	27
2	2449	43
2	2450	44
2	2453	45
2	2458	44
2	2462	33
2	2467	31
2	2468	43
2	2469	42
2	2480	44
2	2484	30
2	2490	46
2	2492	31
2	2498	31
2	2499	29
2	2503	42
2	2508	42
2	2512	44
2	2513	44
2	2522	30
2	2526	45
2	2527	44
2	2544	45
2	2566	43
2	2567	31
2	2569	47
2	2576	29
2	2580	46
2	2582	43
2	2590	24
2	2594	39
2	2609	44
2	2659	30
2	2662	30
2	2674	28
2	2684	31
2	2696	41
2	2702	27
2	2704	30
2	2707	30
2	2725	44
2	2734	33
2	2738	30
2	2739	45
2	2743	25
2	2751	45
2	2752	33
2	2753	41
2	2755	44
2	2761	47
2	2766	26
2	2769	46
2	2775	44
2	2778	33
2	2784	45
2	2786	45
2	2795	45
2	2799	32
2	2815	45
2	2818	32
2	2821	26
2	2824	32
2	2827	44
2	2835	46
2	2842	33
2	2847	29
2	2859	42
2	2861	44
2	2863	47
2	2878	29
2	2879	44
2	2880	45
2	2882	28
2	2899	43
2	2900	49
2	2909	45
2	2911	45
2	2919	31
2	2921	27
2	2932	46
2	2938	47
2	2942	32
2	2953	45
2	2965	28
2	2968	49
2	2969	27
2	2976	31
2	2977	45
2	2980	29
2	2982	31
2	2987	30
2	2989	31
2	2998	46
2	2999	31
2	3000	30
2	3004	44
2	3005	31
2	3010	31
2	3030	31
2	3031	30
2	3034	28
2	3040	44
2	3055	45
2	3057	29
2	3061	45
2	3066	44
2	3070	33
2	3079	31
2	3085	47
2	3090	30
2	3113	45
2	3124	26
2	3125	41
2	3126	31
2	3127	46
2	3144	31
2	3152	42
2	3154	46
2	3166	31
2	3169	45
2	3176	30
2	3177	31
2	3183	45
2	3184	43
2	3188	48
2	3194	44
2	3197	43
2	3205	27
2	3208	45
2	3212	32
2	3222	45
2	3224	48
2	3227	44
2	3233	33
2	3250	45
2	3254	29
2	3256	43
2	3265	45
2	3273	45
2	3278	28
2	3286	26
2	3287	32
2	3289	45
2	3292	45
2	3296	43
2	3299	31
2	3305	27
2	3310	32
2	3323	30
2	3324	34
2	3336	29
2	3337	42
2	3339	28
2	3340	29
2	3341	28
2	3354	29
2	3358	30
2	3366	44
2	3372	43
2	3378	44
2	3382	46
2	3388	44
2	3391	44
2	3393	47
2	3395	29
2	3398	29
2	3402	43
2	3414	32
2	3415	46
2	3416	43
2	3420	29
2	3421	31
2	3430	47
2	3435	29
2	3437	31
2	3439	30
2	3453	33
2	3460	44
2	3463	31
2	3477	48
2	3479	33
2	3480	42
2	3483	45
2	3498	41
2	3514	47
2	3523	30
2	3527	31
2	3529	41
2	3530	34
2	3536	27
2	3537	43
2	3541	32
2	3558	45
2	3561	43
2	3562	43
2	3566	27
2	3570	26
2	3573	29
2	3577	31
2	3579	32
2	3582	45
2	3583	29
2	3592	43
2	3593	27
2	3595	30
2	3597	46
2	3599	30
2	3603	31
2	3609	30
2	3611	30
2	3613	29
2	3620	45
2	3632	28
2	3636	45
2	3640	29
2	3641	28
2	3651	42
2	3652	46
2	3659	29
2	3661	45
2	3676	45
2	3678	45
2	3680	29
2	3691	30
2	3701	44
2	3706	29
2	3725	45
2	3733	30
2	3734	47
2	3735	41
2	3739	33
2	3743	29
2	3747	48
2	3754	46
2	3757	45
2	3765	32
2	3769	46
2	3773	45
2	3776	46
2	3780	29
2	3788	29
2	3792	29
2	3795	27
2	3802	31
2	3809	41
2	3813	31
2	3814	47
2	3819	43
2	3821	30
2	3823	44
2	3829	43
2	3836	27
2	3837	45
2	3838	45
2	3841	47
2	3851	27
2	3864	43
2	3872	28
2	3881	45
2	3900	44
2	3904	32
2	3908	46
2	3909	31
2	3910	25
2	3926	44
2	3929	47
2	3932	43
2	3934	29
2	3935	46
2	3956	47
2	3962	46
2	3968	45
2	3972	48
2	3973	28
2	3974	29
2	3981	46
2	3984	47
2	3989	42
2	3998	30
2	4023	32
2	4027	29
2	4031	30
2	4034	26
2	4037	29
2	4043	31
2	4044	43
2	4047	26
2	4053	47
2	4054	26
2	4068	29
2	4072	46
2	4081	44
2	4082	45
2	4086	28
2	4088	44
2	4100	44
2	4114	30
2	4118	43
2	4121	31
2	4128	44
2	4140	44
2	4149	45
2	4158	45
2	4166	44
2	4175	32
2	4180	44
2	4183	31
2	4184	46
2	4186	29
2	4191	28
2	4198	27
2	4203	46
2	4208	45
2	4228	31
2	4229	45
2	4233	30
2	4236	44
2	4243	45
2	4251	44
2	4253	35
2	4263	45
2	4267	31
2	4272	47
2	4273	34
2	4276	32
2	4280	30
2	4281	31
2	4288	44
2	4292	29
2	4296	46
2	4297	35
2	4302	32
2	4307	27
2	4314	29
2	4315	32
2	4323	28
2	4339	48
2	4343	45
2	4349	44
2	4355	31
2	4356	45
2	4360	42
2	4368	29
2	4369	30
2	4372	40
2	4373	47
2	4382	32
2	4390	28
2	4395	28
2	4397	30
2	4406	27
2	4414	43
2	4416	29
2	4419	31
2	4420	44
2	4421	30
2	4422	29
2	4427	31
2	4429	43
2	4430	29
2	4437	27
2	4438	43
2	4441	28
2	4442	33
2	4444	45
2	4449	43
2	4456	32
2	4472	31
2	4496	45
2	4500	27
2	4504	44
2	4510	47
2	4514	27
2	4518	44
2	4535	29
2	4536	30
2	4539	30
2	4541	46
2	4544	42
2	4550	41
2	4552	45
2	4555	29
2	4564	31
2	4565	44
2	4571	31
2	4572	47
2	4585	27
2	4587	41
2	4598	43
2	4615	47
2	4622	26
2	4633	31
2	4648	28
2	4666	31
2	4670	41
2	4678	30
2	4718	45
2	4730	28
2	4739	31
2	4762	31
2	4784	33
2	4790	44
2	4797	29
2	4801	47
2	4802	27
2	4804	44
2	4805	31
2	4809	43
2	4811	45
2	4819	44
2	4824	32
2	4837	44
2	4842	46
2	4844	47
2	4860	46
2	4869	41
2	4875	44
2	4877	45
2	4882	43
2	4892	29
2	4903	32
2	4904	26
2	4910	45
2	4911	44
2	4916	45
2	4917	44
2	4940	40
2	4944	45
2	4946	26
2	4947	29
2	4948	32
2	4950	48
2	4955	45
2	4961	25
2	4966	30
2	4977	45
2	4985	29
2	4992	31
2	4993	30
2	4994	25
2	4996	28
2	4997	28
2	4999	30
2	5004	42
2	5006	45
2	5013	27
2	5016	45
2	5022	31
2	5028	33
2	5029	44
2	5033	46
2	5037	33
2	5038	42
2	5046	42
2	5047	44
2	5053	31
2	5058	28
2	5061	42
2	5072	28
2	5075	28
2	5076	45
2	5087	44
2	5097	45
2	5114	45
2	5118	42
2	5126	27
2	5138	29
2	5140	27
2	5145	31
2	5151	30
2	5165	45
2	5178	44
2	5196	46
2	5198	41
2	5206	29
2	5247	28
2	5252	27
2	5261	46
2	5271	44
2	5272	42
2	5273	41
2	5276	45
2	5284	41
2	5285	29
2	5291	47
2	5294	29
2	5303	28
2	5310	26
2	5313	41
2	5314	32
2	5324	46
2	5330	44
2	5337	46
2	5339	30
2	5344	31
2	5349	28
2	5357	25
2	5364	29
2	5367	43
2	5370	43
2	5374	44
2	5378	29
2	5383	29
2	5390	43
2	5392	31
2	5393	46
2	5394	31
2	5405	27
2	5412	27
2	5419	49
2	5424	46
2	5427	44
2	5431	45
2	5435	32
2	5438	29
2	5452	47
2	5456	31
2	5458	29
2	5460	31
2	5471	42
2	5473	44
2	5482	46
2	5495	44
2	5500	27
2	5504	30
2	5517	45
2	5519	32
2	5526	46
2	5527	42
2	5531	28
2	5532	41
2	5543	47
2	5549	27
2	5554	45
2	5556	27
2	5560	43
2	5561	42
2	5566	29
2	5580	30
2	5585	45
2	5601	32
2	5604	44
2	5606	30
2	5609	46
2	5614	30
2	5620	46
2	5622	45
2	5628	29
2	5640	32
2	5646	28
2	5662	26
2	5665	29
2	5675	27
2	5679	29
2	5689	27
2	5691	44
2	5695	30
2	5698	28
2	5713	44
2	5721	48
2	5723	41
2	5735	42
2	5738	30
2	5739	32
2	5740	47
2	5742	43
2	5745	45
2	5750	41
2	5757	28
2	5758	44
2	5759	30
2	5764	30
2	5767	28
2	5768	29
2	5771	32
2	5773	43
2	5776	45
2	5778	32
2	5779	45
2	5782	31
2	5795	27
2	5796	42
2	5817	28
2	5820	28
2	5838	49
2	5843	47
2	5855	28
2	5858	30
2	5861	28
2	5863	32
2	5865	28
2	5892	32
2	5903	29
2	5908	42
2	5909	43
2	5911	44
2	5914	44
2	5915	48
2	5919	44
2	5929	45
2	5943	26
2	5949	28
2	5956	26
2	5960	28
2	5968	28
2	5973	44
2	5975	32
2	5979	27
2	5995	46
2	5997	44
2	6001	31
2	6017	46
2	6028	30
2	6029	45
2	6044	44
2	6046	28
2	6053	29
2	6063	44
2	6074	28
2	6079	38
2	6081	43
2	6088	46
2	6112	26
2	6113	32
2	6116	29
2	6124	29
2	6125	30
2	6138	43
2	6140	46
2	6149	30
2	6154	41
2	6155	42
2	6158	30
2	6159	44
2	6177	44
2	6179	46
2	6180	47
2	6182	31
2	6189	44
2	6195	28
2	6200	47
2	6202	27
2	6210	29
2	6222	46
2	6228	30
2	6234	41
2	6238	43
2	6241	29
2	6243	31
2	6254	26
2	6258	45
2	6270	31
2	6271	47
2	6272	30
2	6274	33
2	6280	46
2	6281	28
2	6283	44
2	6287	31
2	6293	42
2	6297	30
2	6311	46
2	6319	29
2	6325	44
2	6334	28
2	6340	30
2	6344	30
2	6348	45
2	6351	43
2	6356	44
2	6365	47
2	6368	46
2	6372	45
2	6374	43
2	6377	46
2	6380	44
2	6384	48
2	6390	39
2	6399	30
2	6405	26
2	6406	29
2	6415	26
2	6423	29
2	6426	45
2	6437	29
2	6439	45
2	6440	45
2	6445	28
2	6453	44
2	6457	27
2	6468	45
2	6486	47
2	6492	29
2	6493	31
2	6494	42
2	6506	45
2	6511	33
2	6516	32
2	6518	29
2	6520	45
2	6521	25
2	6524	30
2	6531	46
2	6533	45
2	6535	28
2	6537	44
2	6542	46
2	6557	26
2	6560	45
2	6562	29
2	6578	31
2	6581	46
2	6586	45
2	6591	46
2	6596	28
2	6607	28
2	6609	28
2	6613	46
2	6620	27
2	6621	44
2	6633	30
2	6641	39
2	6644	45
2	6657	47
2	6658	26
2	6660	32
2	6667	30
2	6674	45
2	6677	29
2	6705	34
2	6714	47
2	6722	44
2	6726	43
2	6727	30
2	6731	31
2	6733	46
2	6734	43
2	6735	25
2	6742	46
2	6743	43
2	6746	31
2	6750	31
2	6751	41
2	6756	29
2	6770	43
2	6773	47
2	6779	42
2	6785	30
2	6790	41
2	6796	28
2	6800	49
2	6806	48
2	6814	29
2	6817	42
2	6823	46
2	6825	30
2	6827	42
2	6831	45
2	6834	43
2	6835	30
2	6844	31
2	6847	31
2	6849	30
2	6852	45
2	6879	45
2	6881	45
2	6882	45
2	6884	42
2	6888	26
2	6896	29
2	6901	30
2	6903	46
2	6907	46
2	6911	28
2	6918	27
2	6929	29
2	6936	44
2	6951	32
2	6953	29
2	6966	32
2	6972	30
2	6975	30
2	6981	43
2	6984	49
2	6989	32
2	6990	44
2	7014	28
2	7016	48
2	7018	30
2	7020	30
2	7045	31
2	7049	42
2	7062	45
2	7071	30
2	7075	43
2	7100	46
2	7109	32
2	7118	29
2	7120	29
2	7135	48
2	7140	46
2	7143	30
2	7144	44
2	7146	43
2	7149	32
2	7152	48
2	7172	29
2	7179	45
2	7180	32
2	7191	30
2	7193	36
2	7200	41
2	7220	42
2	7222	32
2	7224	45
2	7227	44
2	7228	26
2	7235	44
2	7250	26
2	7251	44
2	7259	29
2	7262	31
2	7272	35
2	7275	45
2	7280	30
2	7295	31
2	7301	28
2	7307	32
2	7309	26
2	7311	29
2	7313	44
2	7331	44
2	7337	41
2	7347	29
2	7348	43
2	7366	44
2	7368	30
2	7370	47
2	7371	30
2	7374	45
2	7377	46
2	7383	30
2	7386	44
2	7387	31
2	7391	45
2	7398	26
2	7399	47
2	7401	43
2	7414	46
2	7424	30
2	7428	44
2	7429	30
2	7434	47
2	7443	48
2	7445	42
2	7451	30
2	7456	27
2	7459	40
2	7460	44
2	7465	41
2	7466	31
2	7471	32
2	7472	43
2	7478	26
2	7479	46
2	7480	30
2	7483	42
2	7488	30
2	7493	31
2	7510	47
2	7520	40
2	7527	44
2	7531	30
2	7547	28
2	7550	30
2	7556	25
2	7565	47
2	7566	44
2	7572	26
2	7573	47
2	7578	27
2	7582	46
2	7585	31
2	7591	40
2	7597	44
2	7605	28
2	7618	30
2	7621	31
2	7624	31
2	7625	45
2	7641	29
2	7651	28
2	7654	33
2	7655	31
2	7657	32
2	7658	29
2	7660	30
2	7666	30
2	7673	29
2	7678	44
2	7684	33
2	7693	48
2	7696	48
2	7698	45
2	7701	30
2	7703	44
2	7716	42
2	7729	43
2	7730	31
2	7739	29
2	7760	32
2	7764	49
2	7784	42
2	7787	46
2	7789	26
2	7797	27
2	7806	44
2	7809	45
2	7818	43
2	7819	43
2	7824	30
2	7825	50
2	7831	47
2	7834	29
2	7835	48
2	7836	45
2	7837	43
2	7838	28
2	7857	43
2	7872	43
2	7875	33
2	7887	44
2	7890	33
2	7907	32
2	7916	29
2	7935	48
2	7939	29
2	7947	28
2	7951	30
2	7960	44
2	7961	46
2	7962	42
2	7967	31
2	7978	44
2	7981	48
2	7982	46
2	7985	44
2	7990	45
2	7991	43
2	7994	25
2	7995	46
2	8002	42
2	8018	30
2	8031	28
2	8035	28
2	8043	30
2	8045	45
2	8047	27
2	8049	42
2	8050	44
2	8073	30
2	8076	47
2	8084	29
2	8094	41
2	8107	30
2	8110	32
2	8115	28
2	8141	29
2	8150	29
2	8161	25
2	8164	32
2	8166	44
2	8174	28
2	8176	31
2	8186	45
2	8190	27
2	8194	28
2	8198	45
2	8202	44
2	8214	43
2	8215	43
2	8222	27
2	8229	33
2	8238	30
2	8239	42
2	8257	32
2	8258	44
2	8260	42
2	8266	43
2	8280	45
2	8292	45
2	8298	46
2	8303	28
2	8305	45
2	8315	30
2	8320	28
2	8323	42
2	8324	28
2	8332	30
2	8334	45
2	8337	29
2	8343	45
2	8346	30
2	8356	45
2	8360	43
2	8366	30
2	8379	28
2	8390	42
2	8391	45
2	8394	45
2	8402	28
2	8410	26
2	8422	29
2	8424	29
2	8428	49
2	8431	28
2	8457	45
2	8462	45
2	8468	30
2	8470	32
2	8472	49
2	8477	29
2	8480	28
2	8481	44
2	8485	33
2	8492	44
2	8500	31
2	8507	43
2	8515	33
2	8517	44
2	8525	29
2	8529	45
2	8530	42
2	8543	44
2	8545	43
2	8546	29
2	8554	30
2	8564	43
2	8565	28
2	8568	29
2	8570	34
2	8575	45
2	8584	27
2	8589	43
2	8590	29
2	8604	31
2	8605	28
2	8608	32
2	8612	41
2	8624	31
2	8636	46
2	8653	26
2	8654	41
2	8659	43
2	8661	47
2	8665	28
2	8672	45
2	8674	42
2	8676	30
2	8679	42
2	8685	33
2	8698	44
2	8699	45
2	8708	44
2	8713	28
2	8727	47
2	8748	27
2	8750	31
2	8751	28
2	8767	29
2	8785	30
2	8788	31
2	8791	29
2	8803	34
2	8809	45
2	8814	28
2	8816	28
2	8817	25
2	8818	47
2	8819	47
2	8820	45
2	8832	31
2	8840	47
2	8841	31
2	8842	46
2	8853	43
2	8861	31
2	8864	46
2	8866	30
2	8869	42
2	8872	31
2	8877	29
2	8885	45
2	8906	31
2	8914	27
2	8919	31
2	8923	44
2	8932	45
2	8936	25
2	8937	43
2	8939	28
2	8959	31
2	8966	27
2	8988	30
2	8990	30
2	8994	47
2	9003	28
2	9024	45
2	9029	30
2	9035	26
2	9039	47
2	9041	26
2	9057	44
2	9058	28
2	9073	45
2	9074	29
2	9078	43
2	9085	44
2	9092	45
2	9098	46
2	9102	28
2	9104	30
2	9107	29
2	9108	49
2	9123	31
2	9125	30
2	9133	30
2	9150	45
2	9151	47
2	9169	31
2	9170	31
2	9171	42
2	9172	33
2	9181	42
2	9188	32
2	9194	28
2	9195	29
2	9224	29
2	9227	44
2	9228	30
2	9229	30
2	9252	27
2	9253	46
2	9258	45
2	9266	44
2	9277	29
2	9291	29
2	9292	46
2	9299	30
2	9304	43
2	9310	28
2	9322	31
2	9330	43
2	9340	30
2	9370	42
2	9379	46
2	9382	26
2	9399	32
2	9406	35
2	9412	30
2	9434	45
2	9445	46
2	9450	45
2	9459	45
2	9462	29
2	9463	41
2	9465	40
2	9466	29
2	9471	30
2	9473	30
2	9486	28
2	9487	49
2	9498	26
2	9500	45
2	9501	30
2	9512	29
2	9515	31
2	9529	46
2	9545	26
2	9550	30
2	9567	42
2	9568	27
2	9569	42
2	9572	46
2	9574	44
2	9578	34
2	9583	44
2	9585	42
2	9586	25
2	9590	43
2	9618	43
2	9622	41
2	9625	29
2	9635	27
2	9639	29
2	9646	32
2	9647	24
2	9648	28
2	9649	47
2	9650	45
2	9655	43
2	9663	44
2	9671	31
2	9673	45
2	9676	48
2	9677	44
2	9680	31
2	9684	42
2	9688	46
2	9705	29
2	9708	30
2	9709	29
2	9713	44
2	9715	44
2	9716	31
2	9721	44
2	9724	30
2	9734	45
2	9736	31
2	9737	46
2	9747	30
2	9750	47
2	9760	46
2	9767	27
2	9773	44
2	9786	29
2	9792	44
2	9793	30
2	9798	29
2	9802	41
2	9809	43
2	9813	28
2	9819	29
2	9821	28
2	9830	42
2	9833	42
2	9841	45
2	9845	45
2	9850	34
2	9855	44
2	9856	30
2	9858	44
2	9859	30
2	9866	24
2	9867	48
2	9868	45
2	9876	31
2	9880	24
2	9885	46
2	9894	43
2	9898	48
2	9903	29
2	9906	31
2	9926	29
2	9932	29
2	9936	45
2	9942	41
2	9949	31
2	9950	29
2	9959	47
2	9961	45
2	9966	44
2	9969	25
2	9970	33
2	9974	44
2	9980	30
2	9982	47
2	9984	30
2	9986	43
2	9991	45
3	5	28
3	10	30
3	12	33
3	14	28
3	16	33
3	18	31
3	22	28
3	30	32
3	33	28
3	55	27
3	57	28
3	65	33
3	97	30
3	102	31
3	105	31
3	109	29
3	113	29
3	114	31
3	132	30
3	138	27
3	142	32
3	149	27
3	160	29
3	161	32
3	186	27
3	188	33
3	189	30
3	190	34
3	192	32
3	194	26
3	196	33
3	215	33
3	229	26
3	235	30
3	236	29
3	246	32
3	248	28
3	254	32
3	263	30
3	265	27
3	274	28
3	280	31
3	281	31
3	290	29
3	293	29
3	294	33
3	297	28
3	300	28
3	303	29
3	306	29
3	313	27
3	316	29
3	320	31
3	333	31
3	350	31
3	355	27
3	363	29
3	367	27
3	379	26
3	381	31
3	392	33
3	393	27
3	399	31
3	400	33
3	402	28
3	405	31
3	409	31
3	416	32
3	418	27
3	419	25
3	425	31
3	426	30
3	427	32
3	446	29
3	449	26
3	455	27
3	464	29
3	469	28
3	471	27
3	473	32
3	487	29
3	497	31
3	498	27
3	504	27
3	507	33
3	511	28
3	518	25
3	521	30
3	529	30
3	533	30
3	556	29
3	572	26
3	580	32
3	592	31
3	597	29
3	606	33
3	612	29
3	619	25
3	640	30
3	650	31
3	652	30
3	653	29
3	661	27
3	663	29
3	674	25
3	679	27
3	682	29
3	696	31
3	698	32
3	701	30
3	708	32
3	736	30
3	751	30
3	762	30
3	767	28
3	773	30
3	775	26
3	776	29
3	790	29
3	792	32
3	801	26
3	809	33
3	817	31
3	818	31
3	820	31
3	831	29
3	834	29
3	854	28
3	857	31
3	866	27
3	873	30
3	878	31
3	882	31
3	912	30
3	913	32
3	915	33
3	922	28
3	926	28
3	930	34
3	931	31
3	932	30
3	944	28
3	948	29
3	954	32
3	971	29
3	972	31
3	975	28
3	982	30
3	994	31
3	1015	27
3	1022	28
3	1026	27
3	1029	25
3	1030	29
3	1031	32
3	1033	29
3	1037	34
3	1041	28
3	1055	30
3	1060	27
3	1066	35
3	1067	24
3	1069	30
3	1071	29
3	1078	29
3	1086	26
3	1087	30
3	1098	27
3	1102	30
3	1104	27
3	1110	29
3	1119	30
3	1130	28
3	1136	33
3	1139	31
3	1146	29
3	1154	32
3	1160	26
3	1164	33
3	1169	29
3	1187	29
3	1190	29
3	1193	33
3	1194	31
3	1201	30
3	1204	27
3	1207	32
3	1218	29
3	1224	28
3	1225	26
3	1230	32
3	1232	31
3	1237	29
3	1249	27
3	1250	32
3	1252	28
3	1263	28
3	1264	31
3	1265	31
3	1269	30
3	1275	31
3	1293	28
3	1294	28
3	1296	30
3	1298	26
3	1299	32
3	1302	31
3	1315	29
3	1317	30
3	1322	30
3	1345	29
3	1358	28
3	1361	28
3	1362	29
3	1367	30
3	1371	29
3	1372	30
3	1379	33
3	1388	29
3	1392	30
3	1396	32
3	1405	26
3	1418	27
3	1419	28
3	1426	30
3	1432	28
3	1437	30
3	1442	33
3	1444	30
3	1445	27
3	1446	27
3	1468	31
3	1469	27
3	1474	31
3	1480	28
3	1485	29
3	1488	28
3	1490	30
3	1498	33
3	1501	28
3	1509	30
3	1511	28
3	1514	27
3	1518	27
3	1519	32
3	1528	32
3	1529	31
3	1530	30
3	1533	30
3	1536	30
3	1562	28
3	1569	28
3	1581	28
3	1587	27
3	1590	32
3	1592	30
3	1593	32
3	1634	29
3	1635	27
3	1642	30
3	1648	33
3	1663	29
3	1664	29
3	1703	32
3	1704	28
3	1713	28
3	1715	31
3	1722	32
3	1731	30
3	1736	27
3	1738	30
3	1742	31
3	1744	29
3	1745	31
3	1747	31
3	1749	31
3	1752	30
3	1753	31
3	1754	31
3	1762	27
3	1764	31
3	1770	32
3	1779	30
3	1786	31
3	1791	32
3	1799	27
3	1800	31
3	1812	32
3	1816	27
3	1818	30
3	1822	29
3	1825	30
3	1826	28
3	1832	31
3	1834	27
3	1837	32
3	1841	26
3	1850	31
3	1852	31
3	1853	30
3	1857	24
3	1870	28
3	1872	27
3	1876	27
3	1887	30
3	1890	29
3	1895	31
3	1898	32
3	1899	29
3	1904	32
3	1918	31
3	1923	25
3	1925	28
3	1929	30
3	1932	30
3	1934	29
3	1951	30
3	1952	32
3	1953	31
3	1968	30
3	1969	31
3	1972	30
3	1988	33
3	1993	30
3	2000	31
3	2007	29
3	2008	31
3	2010	32
3	2021	27
3	2029	34
3	2033	28
3	2037	33
3	2039	31
3	2040	31
3	2046	30
3	2054	31
3	2058	31
3	2066	30
3	2079	33
3	2082	35
3	2092	29
3	2093	26
3	2100	32
3	2103	29
3	2106	32
3	2109	32
3	2111	27
3	2113	29
3	2121	32
3	2125	29
3	2137	30
3	2138	28
3	2144	28
3	2151	32
3	2152	27
3	2154	30
3	2155	30
3	2161	30
3	2163	30
3	2174	29
3	2185	30
3	2187	29
3	2191	31
3	2192	33
3	2195	30
3	2207	29
3	2208	27
3	2211	27
3	2221	28
3	2235	31
3	2236	31
3	2240	29
3	2244	31
3	2255	33
3	2259	27
3	2263	31
3	2265	29
3	2273	32
3	2277	30
3	2281	29
3	2287	28
3	2301	27
3	2313	31
3	2316	29
3	2332	32
3	2342	30
3	2353	31
3	2364	33
3	2372	31
3	2378	30
3	2396	31
3	2400	29
3	2401	29
3	2405	32
3	2408	32
3	2410	30
3	2423	37
3	2431	28
3	2438	29
3	2444	27
3	2457	32
3	2463	30
3	2485	25
3	2499	30
3	2503	29
3	2511	32
3	2522	28
3	2526	31
3	2527	29
3	2528	27
3	2530	33
3	2544	31
3	2546	31
3	2552	28
3	2557	31
3	2572	32
3	2589	30
3	2593	30
3	2600	30
3	2611	30
3	2612	30
3	2618	32
3	2623	29
3	2624	30
3	2626	35
3	2634	31
3	2637	32
3	2659	27
3	2669	31
3	2671	28
3	2684	28
3	2688	31
3	2703	34
3	2708	30
3	2714	29
3	2717	26
3	2727	29
3	2728	30
3	2740	28
3	2769	29
3	2770	30
3	2775	27
3	2781	30
3	2788	30
3	2797	28
3	2807	26
3	2808	31
3	2830	28
3	2834	30
3	2835	27
3	2839	29
3	2844	29
3	2845	29
3	2847	30
3	2857	29
3	2867	33
3	2868	27
3	2873	30
3	2887	30
3	2894	29
3	2901	28
3	2903	29
3	2904	28
3	2911	28
3	2919	31
3	2922	31
3	2944	31
3	2951	29
3	2953	27
3	2957	30
3	2959	30
3	2960	29
3	2976	29
3	2978	31
3	2994	27
3	2998	31
3	3001	31
3	3005	29
3	3006	29
3	3008	35
3	3012	28
3	3016	34
3	3020	29
3	3030	26
3	3033	29
3	3035	31
3	3036	29
3	3068	31
3	3069	28
3	3070	25
3	3072	32
3	3074	31
3	3086	27
3	3112	26
3	3115	26
3	3122	32
3	3131	28
3	3143	30
3	3152	28
3	3160	29
3	3161	31
3	3165	29
3	3168	30
3	3176	28
3	3178	29
3	3182	31
3	3191	27
3	3205	31
3	3222	28
3	3223	28
3	3241	30
3	3256	29
3	3265	28
3	3270	29
3	3277	28
3	3282	28
3	3299	31
3	3305	32
3	3308	27
3	3311	33
3	3315	31
3	3318	29
3	3322	29
3	3334	28
3	3336	28
3	3345	31
3	3346	29
3	3354	32
3	3356	28
3	3362	30
3	3373	29
3	3379	30
3	3380	28
3	3392	29
3	3421	31
3	3424	30
3	3429	29
3	3434	27
3	3440	32
3	3442	29
3	3444	29
3	3446	33
3	3451	32
3	3452	31
3	3453	30
3	3466	27
3	3469	28
3	3470	29
3	3471	30
3	3472	29
3	3473	30
3	3489	28
3	3510	26
3	3515	35
3	3530	27
3	3554	28
3	3558	30
3	3562	30
3	3569	31
3	3573	28
3	3575	29
3	3594	30
3	3598	32
3	3612	25
3	3620	30
3	3637	30
3	3641	29
3	3649	32
3	3655	28
3	3657	31
3	3660	32
3	3661	30
3	3669	29
3	3671	27
3	3672	29
3	3678	29
3	3687	32
3	3694	31
3	3700	27
3	3708	30
3	3712	30
3	3719	29
3	3729	31
3	3730	29
3	3731	29
3	3734	28
3	3738	31
3	3757	29
3	3759	26
3	3769	29
3	3770	29
3	3777	28
3	3783	31
3	3784	30
3	3791	28
3	3796	34
3	3808	28
3	3818	32
3	3821	31
3	3822	31
3	3823	27
3	3825	29
3	3828	24
3	3834	29
3	3836	29
3	3845	29
3	3853	31
3	3864	28
3	3877	28
3	3880	33
3	3885	29
3	3891	28
3	3895	28
3	3897	31
3	3898	33
3	3899	32
3	3910	29
3	3930	30
3	3933	26
3	3937	27
3	3940	34
3	3941	31
3	3946	30
3	3952	30
3	3957	32
3	3964	30
3	3966	33
3	3974	31
3	3981	29
3	3994	31
3	4000	32
3	4022	27
3	4024	31
3	4028	27
3	4032	33
3	4041	30
3	4055	30
3	4058	33
3	4062	30
3	4065	27
3	4067	28
3	4068	27
3	4072	27
3	4076	34
3	4080	25
3	4085	28
3	4086	29
3	4087	30
3	4108	31
3	4114	29
3	4127	29
3	4131	28
3	4134	29
3	4138	31
3	4141	31
3	4142	29
3	4146	31
3	4150	30
3	4152	29
3	4158	30
3	4172	28
3	4173	28
3	4179	29
3	4183	32
3	4193	27
3	4194	28
3	4196	28
3	4199	29
3	4213	30
3	4236	28
3	4243	29
3	4246	28
3	4248	31
3	4253	30
3	4254	27
3	4257	27
3	4258	32
3	4286	30
3	4287	31
3	4293	32
3	4295	29
3	4297	29
3	4302	33
3	4307	31
3	4315	30
3	4327	30
3	4332	31
3	4337	29
3	4343	28
3	4346	27
3	4348	28
3	4353	33
3	4360	28
3	4372	30
3	4373	25
3	4380	29
3	4383	30
3	4396	28
3	4415	29
3	4417	28
3	4420	30
3	4428	30
3	4432	28
3	4435	32
3	4440	28
3	4442	28
3	4446	31
3	4452	28
3	4458	28
3	4461	32
3	4464	26
3	4467	28
3	4468	27
3	4469	29
3	4475	28
3	4488	29
3	4493	32
3	4496	30
3	4503	28
3	4505	30
3	4516	28
3	4518	31
3	4520	30
3	4521	29
3	4525	32
3	4529	28
3	4538	30
3	4557	27
3	4570	27
3	4580	30
3	4587	28
3	4592	33
3	4594	26
3	4597	29
3	4611	29
3	4617	33
3	4619	30
3	4620	29
3	4638	31
3	4639	29
3	4645	30
3	4650	31
3	4655	27
3	4663	28
3	4685	34
3	4690	27
3	4696	35
3	4706	31
3	4715	26
3	4716	29
3	4735	32
3	4737	32
3	4740	29
3	4744	30
3	4756	29
3	4760	32
3	4770	31
3	4785	29
3	4794	29
3	4795	28
3	4798	31
3	4799	29
3	4801	29
3	4804	31
3	4805	28
3	4807	28
3	4814	32
3	4816	27
3	4817	32
3	4819	28
3	4832	30
3	4835	31
3	4838	27
3	4839	28
3	4846	26
3	4848	28
3	4850	31
3	4858	27
3	4871	29
3	4883	30
3	4885	31
3	4887	28
3	4896	33
3	4897	27
3	4898	31
3	4901	30
3	4902	30
3	4911	29
3	4923	30
3	4925	27
3	4939	32
3	4941	34
3	4946	33
3	4947	30
3	4952	29
3	4954	31
3	4956	27
3	4958	35
3	4960	30
3	4965	28
3	4972	32
3	4974	31
3	4976	27
3	4980	27
3	4983	31
3	4985	31
3	4989	34
3	4991	31
3	5015	31
3	5021	26
3	5026	30
3	5036	29
3	5047	31
3	5066	27
3	5072	26
3	5075	32
3	5085	27
3	5086	25
3	5092	30
3	5106	28
3	5107	28
3	5108	30
3	5113	32
3	5114	31
3	5131	27
3	5138	29
3	5140	28
3	5142	28
3	5143	29
3	5144	31
3	5146	28
3	5153	30
3	5155	33
3	5162	29
3	5163	32
3	5171	33
3	5174	29
3	5183	28
3	5186	29
3	5187	26
3	5189	32
3	5199	30
3	5201	30
3	5209	29
3	5215	32
3	5226	26
3	5227	30
3	5231	33
3	5232	28
3	5236	29
3	5243	28
3	5246	30
3	5253	28
3	5254	28
3	5260	27
3	5262	29
3	5266	27
3	5268	30
3	5281	30
3	5286	30
3	5287	29
3	5288	31
3	5290	26
3	5300	25
3	5305	28
3	5311	26
3	5313	31
3	5315	30
3	5316	28
3	5318	30
3	5321	30
3	5322	30
3	5332	29
3	5336	29
3	5337	28
3	5340	29
3	5347	31
3	5353	34
3	5360	30
3	5366	30
3	5367	28
3	5369	31
3	5370	31
3	5386	27
3	5395	28
3	5398	28
3	5401	29
3	5418	31
3	5434	29
3	5438	31
3	5443	31
3	5456	31
3	5472	31
3	5489	28
3	5491	28
3	5500	31
3	5502	30
3	5507	30
3	5508	31
3	5533	28
3	5534	29
3	5540	33
3	5545	33
3	5552	32
3	5556	27
3	5575	30
3	5589	29
3	5591	27
3	5597	29
3	5621	28
3	5628	27
3	5638	30
3	5639	29
3	5660	29
3	5668	30
3	5672	30
3	5675	31
3	5681	30
3	5697	31
3	5699	29
3	5711	30
3	5718	34
3	5720	28
3	5730	33
3	5732	32
3	5751	28
3	5752	29
3	5761	29
3	5768	27
3	5774	28
3	5776	32
3	5777	25
3	5782	29
3	5783	30
3	5784	32
3	5788	28
3	5790	32
3	5806	29
3	5818	29
3	5819	31
3	5830	33
3	5836	31
3	5840	28
3	5841	29
3	5842	27
3	5843	29
3	5851	31
3	5858	29
3	5861	30
3	5876	29
3	5882	29
3	5886	28
3	5889	30
3	5891	31
3	5898	29
3	5906	27
3	5907	28
3	5911	30
3	5912	27
3	5922	27
3	5929	27
3	5931	28
3	5944	28
3	5945	29
3	5949	27
3	5965	29
3	5969	25
3	5971	30
3	5973	29
3	5978	34
3	5984	31
3	5995	32
3	5996	33
3	5997	32
3	6009	29
3	6012	28
3	6015	31
3	6023	27
3	6039	28
3	6041	28
3	6046	30
3	6051	33
3	6052	26
3	6054	33
3	6064	28
3	6071	30
3	6076	28
3	6077	30
3	6079	25
3	6087	33
3	6093	27
3	6098	31
3	6105	32
3	6110	29
3	6121	26
3	6125	27
3	6126	31
3	6132	32
3	6134	29
3	6140	27
3	6152	28
3	6163	30
3	6172	31
3	6206	27
3	6209	30
3	6218	27
3	6226	30
3	6229	29
3	6233	29
3	6235	30
3	6239	27
3	6248	30
3	6272	30
3	6282	27
3	6306	31
3	6323	27
3	6334	26
3	6346	29
3	6349	28
3	6352	29
3	6355	28
3	6367	29
3	6375	31
3	6379	30
3	6389	25
3	6411	27
3	6413	29
3	6418	28
3	6427	27
3	6428	31
3	6442	29
3	6447	31
3	6458	29
3	6459	33
3	6469	29
3	6473	33
3	6474	31
3	6481	30
3	6484	27
3	6488	31
3	6492	32
3	6493	30
3	6503	34
3	6512	28
3	6513	27
3	6514	31
3	6515	30
3	6519	27
3	6523	32
3	6537	31
3	6538	29
3	6548	30
3	6577	31
3	6580	25
3	6581	29
3	6586	29
3	6591	30
3	6598	29
3	6599	32
3	6604	28
3	6613	32
3	6614	29
3	6628	30
3	6635	27
3	6636	30
3	6638	29
3	6639	32
3	6652	32
3	6654	28
3	6661	30
3	6687	28
3	6696	27
3	6708	34
3	6710	31
3	6715	32
3	6716	30
3	6719	26
3	6720	29
3	6722	30
3	6725	31
3	6729	29
3	6734	28
3	6735	28
3	6741	29
3	6743	29
3	6746	32
3	6748	29
3	6761	26
3	6768	32
3	6775	31
3	6792	31
3	6801	28
3	6802	27
3	6816	31
3	6817	31
3	6827	32
3	6835	30
3	6836	31
3	6859	26
3	6869	27
3	6872	36
3	6879	31
3	6881	30
3	6892	27
3	6899	27
3	6904	30
3	6906	30
3	6910	27
3	6916	28
3	6917	26
3	6919	26
3	6920	33
3	6921	28
3	6930	30
3	6931	29
3	6943	31
3	6947	28
3	6952	25
3	6959	31
3	6970	33
3	6971	24
3	6972	28
3	6973	29
3	6975	28
3	6977	31
3	7016	30
3	7019	31
3	7020	29
3	7021	27
3	7028	28
3	7039	27
3	7049	30
3	7055	31
3	7056	31
3	7058	28
3	7060	27
3	7067	27
3	7069	31
3	7080	30
3	7087	31
3	7093	30
3	7097	32
3	7103	31
3	7106	28
3	7107	27
3	7117	30
3	7119	26
3	7125	29
3	7128	28
3	7133	32
3	7135	32
3	7136	28
3	7137	34
3	7141	33
3	7160	32
3	7163	31
3	7179	30
3	7184	29
3	7191	28
3	7194	30
3	7195	28
3	7200	30
3	7203	28
3	7204	29
3	7206	31
3	7211	33
3	7213	33
3	7214	30
3	7218	30
3	7224	28
3	7226	30
3	7228	28
3	7229	31
3	7232	29
3	7233	27
3	7244	30
3	7245	30
3	7251	26
3	7256	30
3	7257	32
3	7258	30
3	7259	28
3	7273	29
3	7277	28
3	7286	29
3	7309	28
3	7314	30
3	7315	30
3	7316	29
3	7317	27
3	7318	29
3	7324	28
3	7334	31
3	7337	32
3	7341	32
3	7348	31
3	7361	35
3	7373	27
3	7375	29
3	7377	30
3	7389	32
3	7398	29
3	7400	31
3	7404	29
3	7406	30
3	7417	30
3	7422	27
3	7426	27
3	7431	32
3	7454	30
3	7455	29
3	7457	29
3	7473	30
3	7478	31
3	7481	30
3	7485	31
3	7494	29
3	7495	28
3	7507	26
3	7509	29
3	7517	29
3	7519	26
3	7524	31
3	7530	28
3	7535	30
3	7539	26
3	7543	23
3	7549	29
3	7554	30
3	7556	29
3	7559	28
3	7560	31
3	7563	29
3	7571	24
3	7572	33
3	7573	27
3	7574	27
3	7579	31
3	7580	27
3	7598	31
3	7601	28
3	7607	32
3	7609	35
3	7610	32
3	7617	31
3	7622	29
3	7628	28
3	7630	33
3	7637	26
3	7639	28
3	7641	31
3	7646	28
3	7649	31
3	7650	28
3	7651	29
3	7661	28
3	7662	29
3	7664	27
3	7666	30
3	7668	30
3	7675	28
3	7677	30
3	7687	34
3	7703	28
3	7707	30
3	7713	30
3	7730	30
3	7732	31
3	7735	31
3	7743	29
3	7753	28
3	7754	28
3	7755	30
3	7759	30
3	7760	33
3	7781	33
3	7784	31
3	7786	29
3	7792	30
3	7800	29
3	7810	27
3	7818	30
3	7821	30
3	7823	29
3	7824	27
3	7829	30
3	7832	30
3	7833	32
3	7834	30
3	7836	32
3	7838	26
3	7842	29
3	7846	30
3	7852	31
3	7871	28
3	7874	31
3	7884	32
3	7885	28
3	7900	27
3	7903	27
3	7916	27
3	7922	28
3	7923	27
3	7925	29
3	7929	30
3	7932	30
3	7933	32
3	7945	29
3	7946	29
3	7947	32
3	7952	28
3	7957	28
3	7961	28
3	7963	30
3	7981	29
3	7983	26
3	7985	28
3	7986	28
3	7988	29
3	7993	29
3	7995	34
3	7997	30
3	7999	27
3	8007	28
3	8012	30
3	8023	32
3	8025	29
3	8026	31
3	8039	26
3	8040	32
3	8042	27
3	8050	28
3	8051	30
3	8054	24
3	8056	31
3	8057	29
3	8073	28
3	8083	34
3	8086	31
3	8087	28
3	8088	29
3	8089	29
3	8094	28
3	8095	32
3	8098	26
3	8100	30
3	8104	28
3	8110	30
3	8117	26
3	8118	28
3	8124	32
3	8125	29
3	8127	28
3	8135	29
3	8138	30
3	8142	29
3	8147	33
3	8154	30
3	8158	33
3	8159	32
3	8162	32
3	8176	28
3	8181	29
3	8188	29
3	8203	36
3	8213	27
3	8228	26
3	8229	29
3	8245	30
3	8255	30
3	8266	33
3	8269	30
3	8270	33
3	8271	32
3	8284	26
3	8289	29
3	8291	31
3	8301	29
3	8302	33
3	8306	26
3	8315	31
3	8317	29
3	8318	27
3	8320	28
3	8329	29
3	8334	28
3	8339	28
3	8342	29
3	8343	28
3	8351	30
3	8358	29
3	8361	31
3	8372	31
3	8388	28
3	8390	33
3	8392	29
3	8406	30
3	8412	30
3	8422	33
3	8430	31
3	8432	29
3	8439	31
3	8442	29
3	8457	28
3	8469	30
3	8472	31
3	8487	31
3	8489	30
3	8497	26
3	8498	29
3	8503	31
3	8505	32
3	8506	27
3	8507	31
3	8524	30
3	8537	31
3	8539	29
3	8540	30
3	8546	29
3	8547	32
3	8554	28
3	8557	28
3	8571	26
3	8574	27
3	8577	31
3	8581	28
3	8590	29
3	8596	33
3	8599	30
3	8606	29
3	8611	31
3	8612	29
3	8615	26
3	8628	28
3	8629	29
3	8631	31
3	8634	28
3	8650	31
3	8659	33
3	8664	30
3	8667	34
3	8669	30
3	8674	29
3	8680	29
3	8682	26
3	8688	28
3	8689	29
3	8701	31
3	8705	32
3	8715	29
3	8724	30
3	8726	30
3	8735	26
3	8742	33
3	8746	31
3	8751	32
3	8755	32
3	8758	31
3	8759	28
3	8761	32
3	8775	31
3	8785	25
3	8786	28
3	8794	32
3	8808	32
3	8812	30
3	8814	32
3	8815	29
3	8823	29
3	8825	30
3	8839	32
3	8845	32
3	8851	30
3	8853	28
3	8854	32
3	8867	28
3	8870	30
3	8874	29
3	8878	32
3	8880	30
3	8883	33
3	8907	28
3	8908	30
3	8911	30
3	8917	31
3	8926	27
3	8929	26
3	8931	28
3	8948	33
3	8949	30
3	8955	26
3	8956	32
3	8957	32
3	8965	27
3	8992	29
3	8993	31
3	9001	30
3	9002	30
3	9011	33
3	9022	30
3	9029	29
3	9031	29
3	9037	30
3	9040	30
3	9054	33
3	9055	26
3	9056	29
3	9058	30
3	9060	27
3	9063	29
3	9073	33
3	9085	30
3	9087	28
3	9094	27
3	9101	32
3	9109	30
3	9111	33
3	9127	29
3	9146	27
3	9148	30
3	9149	30
3	9150	29
3	9157	30
3	9158	25
3	9161	29
3	9162	28
3	9165	30
3	9170	33
3	9184	32
3	9190	27
3	9191	32
3	9192	27
3	9197	30
3	9203	31
3	9205	30
3	9221	27
3	9231	32
3	9237	31
3	9241	28
3	9242	28
3	9252	32
3	9278	30
3	9279	32
3	9283	30
3	9289	28
3	9295	29
3	9297	30
3	9301	30
3	9302	29
3	9304	30
3	9317	29
3	9328	28
3	9332	35
3	9333	27
3	9340	30
3	9354	27
3	9355	32
3	9357	29
3	9365	26
3	9385	29
3	9389	31
3	9401	30
3	9403	33
3	9414	31
3	9415	30
3	9422	30
3	9424	25
3	9425	30
3	9434	28
3	9437	30
3	9443	30
3	9458	29
3	9460	29
3	9461	32
3	9472	31
3	9475	28
3	9491	31
3	9499	31
3	9501	28
3	9508	30
3	9509	29
3	9516	32
3	9531	28
3	9539	31
3	9541	30
3	9546	32
3	9547	31
3	9558	31
3	9559	31
3	9561	31
3	9565	29
3	9571	30
3	9572	27
3	9573	30
3	9575	28
3	9589	31
3	9595	28
3	9609	29
3	9611	28
3	9616	29
3	9618	33
3	9620	27
3	9626	27
3	9632	33
3	9640	30
3	9641	29
3	9658	31
3	9664	26
3	9665	29
3	9668	29
3	9676	33
3	9692	31
3	9701	30
3	9703	28
3	9707	27
3	9715	32
3	9719	30
3	9726	29
3	9738	28
3	9743	29
3	9751	30
3	9760	27
3	9763	29
3	9774	27
3	9776	24
3	9777	27
3	9782	29
3	9783	29
3	9787	31
3	9802	29
3	9810	30
3	9811	28
3	9820	30
3	9821	28
3	9849	26
3	9853	33
3	9854	35
3	9860	28
3	9862	30
3	9875	29
3	9877	26
3	9878	32
3	9889	26
3	9897	29
3	9902	31
3	9910	32
3	9911	31
3	9914	30
3	9916	27
3	9917	29
3	9922	26
3	9925	32
3	9926	31
3	9931	29
3	9940	31
3	9949	27
3	9950	32
3	9956	32
3	9958	31
3	9965	30
3	9968	29
3	9980	32
3	9983	29
3	9984	29
3	9986	31
3	9993	31
3	9997	28
4	15	33
4	16	30
4	24	29
4	25	16
4	33	28
4	35	30
4	40	29
4	45	35
4	55	31
4	59	17
4	61	16
4	68	24
4	74	18
4	79	18
4	83	18
4	84	28
4	85	29
4	86	15
4	89	14
4	92	29
4	95	20
4	105	30
4	106	18
4	114	19
4	116	27
4	117	20
4	123	19
4	124	16
4	142	17
4	145	16
4	149	17
4	160	26
4	166	26
4	183	15
4	189	30
4	194	19
4	201	18
4	203	30
4	204	19
4	206	30
4	207	15
4	212	19
4	215	28
4	216	19
4	217	28
4	229	33
4	233	21
4	238	18
4	244	30
4	255	27
4	275	16
4	277	29
4	284	21
4	285	28
4	288	31
4	290	17
4	299	15
4	306	19
4	315	33
4	316	30
4	320	17
4	332	18
4	341	16
4	347	28
4	358	21
4	367	16
4	380	27
4	394	15
4	396	33
4	398	27
4	400	28
4	417	17
4	420	33
4	428	29
4	429	27
4	431	31
4	436	31
4	439	14
4	453	33
4	454	28
4	457	21
4	459	30
4	462	28
4	465	30
4	468	17
4	472	33
4	475	28
4	478	28
4	480	19
4	492	30
4	497	30
4	506	20
4	509	22
4	515	18
4	516	22
4	517	28
4	527	17
4	532	14
4	542	31
4	543	18
4	547	15
4	549	18
4	551	21
4	566	17
4	573	28
4	578	18
4	598	18
4	608	19
4	618	21
4	621	16
4	645	20
4	649	18
4	662	27
4	663	17
4	665	19
4	668	31
4	676	31
4	681	28
4	693	28
4	694	17
4	697	28
4	703	29
4	711	29
4	716	30
4	727	20
4	737	27
4	748	28
4	765	19
4	776	20
4	783	20
4	792	30
4	794	33
4	796	15
4	798	30
4	799	21
4	814	31
4	829	31
4	831	19
4	841	19
4	853	14
4	855	16
4	856	15
4	858	27
4	867	18
4	873	20
4	885	18
4	887	17
4	888	17
4	890	32
4	896	12
4	915	29
4	917	31
4	919	17
4	922	31
4	923	17
4	924	34
4	931	20
4	942	31
4	943	29
4	946	20
4	947	18
4	967	15
4	968	14
4	970	18
4	978	20
4	980	30
4	984	31
4	985	26
4	986	20
4	988	15
4	990	17
4	994	24
4	995	19
4	1002	20
4	1009	15
4	1012	33
4	1018	32
4	1019	28
4	1026	26
4	1029	30
4	1031	30
4	1038	29
4	1042	20
4	1046	27
4	1049	31
4	1057	31
4	1059	19
4	1067	27
4	1072	16
4	1076	16
4	1077	29
4	1091	29
4	1106	32
4	1107	30
4	1109	28
4	1113	28
4	1116	29
4	1117	29
4	1131	32
4	1133	19
4	1134	17
4	1137	18
4	1138	33
4	1163	19
4	1171	28
4	1172	17
4	1179	16
4	1192	28
4	1196	30
4	1199	18
4	1206	30
4	1208	33
4	1221	34
4	1227	18
4	1238	29
4	1239	26
4	1252	32
4	1253	29
4	1269	19
4	1279	19
4	1285	27
4	1288	18
4	1294	27
4	1296	19
4	1300	30
4	1321	16
4	1325	19
4	1327	20
4	1331	16
4	1336	28
4	1340	17
4	1341	31
4	1354	31
4	1355	28
4	1356	16
4	1361	13
4	1365	18
4	1369	16
4	1370	19
4	1373	17
4	1375	30
4	1379	22
4	1381	17
4	1382	15
4	1388	29
4	1391	27
4	1399	15
4	1413	28
4	1417	29
4	1421	32
4	1424	20
4	1440	28
4	1457	16
4	1466	21
4	1468	13
4	1476	20
4	1482	19
4	1485	27
4	1486	14
4	1487	16
4	1509	29
4	1510	31
4	1513	32
4	1517	28
4	1519	28
4	1522	29
4	1525	17
4	1536	31
4	1544	19
4	1545	16
4	1555	29
4	1560	16
4	1578	29
4	1581	18
4	1597	17
4	1598	32
4	1604	29
4	1620	34
4	1622	29
4	1623	21
4	1624	14
4	1648	20
4	1649	32
4	1650	30
4	1652	15
4	1653	16
4	1657	18
4	1662	19
4	1663	18
4	1667	30
4	1668	30
4	1671	19
4	1679	17
4	1690	18
4	1702	19
4	1710	18
4	1720	18
4	1723	24
4	1726	19
4	1728	29
4	1730	29
4	1732	28
4	1743	19
4	1744	29
4	1761	29
4	1767	18
4	1769	30
4	1791	22
4	1798	30
4	1804	29
4	1805	19
4	1810	28
4	1822	28
4	1827	17
4	1832	20
4	1836	28
4	1848	19
4	1878	30
4	1883	19
4	1888	15
4	1889	31
4	1890	18
4	1894	27
4	1897	27
4	1903	28
4	1904	16
4	1906	18
4	1914	18
4	1918	30
4	1921	26
4	1922	18
4	1933	28
4	1940	15
4	1942	17
4	1960	30
4	1965	17
4	1967	27
4	1971	15
4	1972	14
4	1974	29
4	1990	19
4	2003	29
4	2007	29
4	2008	29
4	2032	19
4	2037	30
4	2041	32
4	2043	29
4	2044	16
4	2051	18
4	2054	30
4	2065	17
4	2082	28
4	2087	29
4	2095	17
4	2103	27
4	2110	18
4	2116	27
4	2118	30
4	2119	19
4	2124	28
4	2127	27
4	2132	16
4	2134	26
4	2137	18
4	2138	18
4	2139	29
4	2147	29
4	2151	27
4	2163	30
4	2164	16
4	2176	17
4	2187	27
4	2204	31
4	2206	17
4	2207	20
4	2210	28
4	2212	19
4	2214	29
4	2216	18
4	2235	28
4	2248	32
4	2249	17
4	2253	18
4	2257	26
4	2273	35
4	2282	19
4	2286	15
4	2291	19
4	2299	16
4	2302	17
4	2304	26
4	2306	30
4	2310	25
4	2313	30
4	2315	14
4	2325	26
4	2329	16
4	2330	32
4	2331	31
4	2339	16
4	2355	19
4	2357	21
4	2358	18
4	2359	34
4	2368	18
4	2378	16
4	2379	15
4	2384	19
4	2385	32
4	2391	18
4	2395	27
4	2410	27
4	2415	36
4	2433	30
4	2437	30
4	2445	29
4	2455	29
4	2466	17
4	2469	18
4	2472	17
4	2479	18
4	2481	18
4	2484	28
4	2504	30
4	2521	28
4	2526	17
4	2532	28
4	2541	18
4	2549	30
4	2553	15
4	2554	18
4	2565	32
4	2572	19
4	2578	19
4	2583	32
4	2587	33
4	2590	19
4	2605	15
4	2616	18
4	2623	18
4	2624	29
4	2626	29
4	2632	15
4	2636	29
4	2647	27
4	2648	28
4	2665	32
4	2673	15
4	2692	32
4	2695	29
4	2701	29
4	2711	21
4	2712	21
4	2725	30
4	2726	27
4	2727	18
4	2733	30
4	2734	18
4	2736	28
4	2739	29
4	2741	15
4	2743	16
4	2746	24
4	2761	29
4	2764	29
4	2766	17
4	2770	28
4	2771	27
4	2777	19
4	2786	17
4	2790	16
4	2803	32
4	2817	16
4	2830	29
4	2849	31
4	2851	29
4	2855	31
4	2856	31
4	2857	28
4	2858	19
4	2859	33
4	2860	18
4	2861	34
4	2862	20
4	2863	29
4	2865	30
4	2868	29
4	2873	26
4	2877	31
4	2882	15
4	2883	23
4	2887	33
4	2894	17
4	2896	18
4	2898	31
4	2901	19
4	2909	19
4	2913	17
4	2914	18
4	2916	17
4	2931	15
4	2934	17
4	2943	18
4	2949	29
4	2957	20
4	2964	29
4	2965	16
4	2971	30
4	2978	29
4	2981	29
4	2983	18
4	2988	19
4	2989	16
4	2990	13
4	2991	27
4	2993	33
4	2997	32
4	3015	20
4	3017	30
4	3031	29
4	3035	30
4	3038	34
4	3041	28
4	3062	32
4	3064	32
4	3068	31
4	3077	21
4	3081	30
4	3085	21
4	3091	16
4	3095	31
4	3112	18
4	3124	32
4	3126	25
4	3134	19
4	3137	18
4	3140	29
4	3146	33
4	3152	15
4	3169	18
4	3171	19
4	3181	29
4	3184	20
4	3185	15
4	3215	32
4	3220	19
4	3232	32
4	3234	30
4	3252	16
4	3253	17
4	3257	28
4	3264	31
4	3275	26
4	3286	16
4	3288	34
4	3292	30
4	3305	28
4	3316	28
4	3320	18
4	3325	16
4	3336	29
4	3349	28
4	3355	28
4	3357	17
4	3382	18
4	3385	31
4	3390	19
4	3405	17
4	3408	29
4	3409	26
4	3412	27
4	3421	29
4	3425	34
4	3431	18
4	3432	31
4	3435	31
4	3445	30
4	3461	27
4	3467	31
4	3469	18
4	3476	34
4	3477	32
4	3491	30
4	3498	29
4	3503	19
4	3511	25
4	3517	17
4	3523	14
4	3524	17
4	3526	31
4	3541	21
4	3548	21
4	3559	17
4	3560	16
4	3564	29
4	3580	18
4	3585	16
4	3606	21
4	3610	32
4	3621	31
4	3630	31
4	3631	15
4	3639	18
4	3641	29
4	3650	28
4	3666	27
4	3669	29
4	3673	26
4	3675	28
4	3682	19
4	3697	16
4	3709	18
4	3712	30
4	3714	29
4	3717	18
4	3733	31
4	3738	27
4	3741	30
4	3749	31
4	3761	17
4	3768	29
4	3781	19
4	3783	17
4	3792	16
4	3806	27
4	3817	29
4	3825	14
4	3827	15
4	3831	18
4	3839	19
4	3840	18
4	3841	18
4	3843	15
4	3859	15
4	3865	14
4	3866	29
4	3869	17
4	3872	29
4	3879	33
4	3881	27
4	3888	31
4	3890	19
4	3891	19
4	3896	30
4	3898	17
4	3915	27
4	3916	26
4	3924	21
4	3925	29
4	3929	18
4	3932	20
4	3933	21
4	3935	28
4	3937	18
4	3941	18
4	3946	26
4	3951	17
4	3962	17
4	3964	15
4	3967	18
4	3968	33
4	3975	19
4	3982	18
4	3989	21
4	3991	30
4	4002	28
4	4007	19
4	4009	16
4	4013	17
4	4015	29
4	4019	15
4	4028	15
4	4037	28
4	4041	29
4	4057	32
4	4069	24
4	4090	15
4	4091	29
4	4097	29
4	4100	30
4	4105	29
4	4106	15
4	4110	31
4	4112	15
4	4125	18
4	4142	30
4	4145	15
4	4149	17
4	4152	31
4	4160	15
4	4163	16
4	4165	23
4	4172	17
4	4178	22
4	4182	30
4	4185	28
4	4186	29
4	4192	16
4	4203	31
4	4219	17
4	4221	32
4	4236	13
4	4258	29
4	4261	32
4	4282	18
4	4286	15
4	4291	32
4	4296	31
4	4298	30
4	4304	15
4	4305	17
4	4314	28
4	4315	30
4	4317	30
4	4327	27
4	4330	28
4	4332	18
4	4335	22
4	4336	16
4	4338	27
4	4347	20
4	4352	28
4	4353	12
4	4380	29
4	4382	30
4	4383	30
4	4388	24
4	4391	12
4	4404	28
4	4405	18
4	4420	18
4	4429	20
4	4430	18
4	4431	18
4	4437	31
4	4465	27
4	4467	28
4	4468	29
4	4485	17
4	4490	14
4	4499	18
4	4506	29
4	4512	30
4	4517	17
4	4521	16
4	4534	26
4	4537	18
4	4539	29
4	4547	16
4	4548	31
4	4551	16
4	4556	29
4	4558	27
4	4587	27
4	4621	16
4	4630	31
4	4631	18
4	4633	28
4	4645	19
4	4646	25
4	4653	16
4	4671	27
4	4673	29
4	4687	16
4	4688	30
4	4695	28
4	4697	32
4	4703	18
4	4707	17
4	4711	30
4	4713	19
4	4717	18
4	4730	16
4	4737	28
4	4738	27
4	4744	18
4	4747	18
4	4750	14
4	4757	28
4	4761	30
4	4764	19
4	4766	22
4	4768	18
4	4775	20
4	4776	30
4	4784	15
4	4785	19
4	4788	17
4	4789	29
4	4794	28
4	4798	20
4	4799	20
4	4800	20
4	4802	30
4	4807	19
4	4813	17
4	4815	32
4	4816	16
4	4819	21
4	4821	20
4	4823	18
4	4825	31
4	4834	33
4	4836	28
4	4838	17
4	4845	14
4	4848	30
4	4870	20
4	4879	31
4	4886	31
4	4887	15
4	4909	16
4	4917	30
4	4918	16
4	4927	18
4	4928	29
4	4933	29
4	4934	18
4	4938	17
4	4939	18
4	4940	16
4	4953	19
4	4964	31
4	4967	17
4	4970	31
4	4972	17
4	4975	20
4	4979	29
4	4995	28
4	4998	19
4	5001	16
4	5002	32
4	5004	29
4	5006	28
4	5009	30
4	5013	18
4	5032	16
4	5042	28
4	5056	32
4	5060	19
4	5068	18
4	5071	29
4	5078	17
4	5080	30
4	5082	32
4	5091	19
4	5094	19
4	5095	31
4	5098	20
4	5100	16
4	5104	18
4	5105	27
4	5119	18
4	5123	18
4	5128	26
4	5130	14
4	5150	28
4	5152	26
4	5168	21
4	5172	18
4	5173	30
4	5188	19
4	5194	15
4	5198	32
4	5206	20
4	5208	18
4	5211	33
4	5225	25
4	5235	34
4	5237	30
4	5238	28
4	5247	16
4	5248	16
4	5271	18
4	5273	30
4	5276	25
4	5291	19
4	5304	26
4	5306	19
4	5316	26
4	5325	30
4	5329	15
4	5341	19
4	5342	28
4	5346	17
4	5356	33
4	5369	30
4	5371	17
4	5379	23
4	5385	30
4	5386	30
4	5395	18
4	5404	30
4	5409	30
4	5420	28
4	5424	17
4	5451	29
4	5459	15
4	5462	29
4	5469	31
4	5472	31
4	5493	22
4	5502	12
4	5513	29
4	5536	30
4	5549	30
4	5558	19
4	5562	18
4	5601	19
4	5603	26
4	5604	19
4	5606	29
4	5616	31
4	5632	17
4	5635	28
4	5640	28
4	5641	16
4	5650	17
4	5667	28
4	5671	26
4	5677	27
4	5699	17
4	5701	16
4	5705	18
4	5708	33
4	5710	32
4	5716	14
4	5743	15
4	5745	16
4	5747	33
4	5749	16
4	5757	20
4	5759	27
4	5761	31
4	5769	16
4	5773	17
4	5777	16
4	5779	28
4	5788	21
4	5794	19
4	5802	30
4	5808	29
4	5813	29
4	5830	19
4	5832	18
4	5838	21
4	5839	31
4	5852	29
4	5868	19
4	5871	20
4	5872	15
4	5883	14
4	5884	19
4	5887	15
4	5897	29
4	5899	18
4	5901	19
4	5916	30
4	5917	18
4	5937	19
4	5940	29
4	5944	29
4	5950	16
4	5956	27
4	5978	18
4	5980	30
4	5982	28
4	5988	31
4	5990	18
4	5991	23
4	5998	30
4	5999	27
4	6003	18
4	6020	30
4	6022	22
4	6032	30
4	6035	31
4	6038	18
4	6039	28
4	6045	31
4	6046	32
4	6048	15
4	6050	17
4	6051	17
4	6061	14
4	6062	19
4	6073	32
4	6079	30
4	6080	31
4	6081	18
4	6082	21
4	6088	29
4	6089	19
4	6090	20
4	6101	29
4	6122	29
4	6126	16
4	6131	30
4	6133	20
4	6134	30
4	6140	28
4	6141	31
4	6143	32
4	6156	18
4	6161	31
4	6170	28
4	6172	28
4	6173	28
4	6175	31
4	6178	33
4	6180	16
4	6181	19
4	6185	29
4	6191	27
4	6194	19
4	6204	29
4	6213	14
4	6233	32
4	6239	28
4	6247	30
4	6255	28
4	6262	16
4	6263	15
4	6276	13
4	6284	19
4	6303	32
4	6330	21
4	6341	17
4	6343	16
4	6352	19
4	6357	35
4	6363	29
4	6372	18
4	6375	16
4	6394	27
4	6395	18
4	6400	29
4	6411	15
4	6416	16
4	6417	20
4	6422	30
4	6424	35
4	6435	19
4	6438	27
4	6439	18
4	6445	15
4	6447	19
4	6449	31
4	6450	32
4	6460	16
4	6463	29
4	6464	33
4	6466	30
4	6487	31
4	6489	31
4	6492	31
4	6500	20
4	6504	30
4	6505	29
4	6516	28
4	6521	19
4	6529	16
4	6533	19
4	6534	17
4	6537	27
4	6551	30
4	6554	17
4	6557	33
4	6561	15
4	6566	27
4	6568	17
4	6572	31
4	6577	31
4	6578	18
4	6582	20
4	6585	18
4	6590	32
4	6595	26
4	6596	17
4	6599	19
4	6601	18
4	6606	19
4	6607	17
4	6633	14
4	6639	32
4	6640	19
4	6642	21
4	6646	32
4	6668	17
4	6675	18
4	6681	17
4	6685	29
4	6691	30
4	6704	32
4	6732	30
4	6736	19
4	6739	31
4	6744	19
4	6751	29
4	6754	19
4	6760	19
4	6763	29
4	6764	27
4	6769	16
4	6773	21
4	6780	30
4	6823	29
4	6826	20
4	6842	30
4	6844	29
4	6847	17
4	6855	29
4	6857	18
4	6859	28
4	6873	28
4	6874	18
4	6877	15
4	6880	21
4	6882	27
4	6889	19
4	6891	20
4	6897	18
4	6900	32
4	6908	24
4	6910	24
4	6920	13
4	6921	30
4	6926	28
4	6935	19
4	6937	33
4	6947	30
4	6964	16
4	6981	20
4	6988	17
4	6990	32
4	6991	29
4	6994	32
4	6996	31
4	6998	28
4	7011	27
4	7013	31
4	7029	16
4	7031	20
4	7042	16
4	7044	28
4	7046	19
4	7049	17
4	7055	18
4	7057	17
4	7062	31
4	7067	32
4	7073	16
4	7079	28
4	7099	31
4	7107	17
4	7112	21
4	7115	30
4	7117	12
4	7123	33
4	7132	31
4	7146	15
4	7149	17
4	7158	20
4	7162	17
4	7169	29
4	7173	17
4	7180	29
4	7181	27
4	7187	30
4	7190	17
4	7196	17
4	7215	17
4	7223	30
4	7224	22
4	7228	15
4	7232	16
4	7233	29
4	7236	29
4	7240	29
4	7253	28
4	7258	32
4	7272	19
4	7273	20
4	7274	15
4	7275	30
4	7276	33
4	7278	15
4	7282	32
4	7297	14
4	7298	20
4	7318	19
4	7329	30
4	7349	17
4	7352	31
4	7357	16
4	7359	16
4	7367	18
4	7371	28
4	7372	17
4	7376	29
4	7384	19
4	7395	15
4	7397	29
4	7399	31
4	7404	30
4	7408	26
4	7410	18
4	7419	20
4	7429	15
4	7431	28
4	7435	34
4	7443	29
4	7445	16
4	7447	28
4	7458	17
4	7459	29
4	7465	28
4	7467	17
4	7470	29
4	7473	30
4	7479	19
4	7480	21
4	7481	16
4	7489	19
4	7494	17
4	7496	17
4	7501	26
4	7504	32
4	7509	20
4	7513	14
4	7515	29
4	7518	15
4	7531	27
4	7535	18
4	7539	28
4	7545	20
4	7549	18
4	7562	19
4	7578	30
4	7582	18
4	7586	16
4	7588	18
4	7590	33
4	7592	30
4	7595	20
4	7596	33
4	7598	18
4	7601	18
4	7604	16
4	7609	32
4	7610	16
4	7611	16
4	7617	19
4	7620	29
4	7621	16
4	7628	31
4	7631	19
4	7633	19
4	7634	20
4	7637	29
4	7645	16
4	7647	20
4	7648	18
4	7660	18
4	7663	30
4	7666	18
4	7668	13
4	7672	31
4	7673	12
4	7677	16
4	7694	31
4	7702	29
4	7703	30
4	7710	28
4	7711	20
4	7714	31
4	7723	17
4	7724	30
4	7725	16
4	7746	16
4	7754	22
4	7757	27
4	7767	18
4	7769	18
4	7774	31
4	7775	17
4	7781	30
4	7793	27
4	7808	30
4	7811	19
4	7813	27
4	7826	32
4	7828	20
4	7831	19
4	7840	32
4	7847	31
4	7850	30
4	7853	27
4	7858	30
4	7859	29
4	7862	14
4	7877	31
4	7890	17
4	7895	18
4	7896	31
4	7901	30
4	7921	18
4	7924	14
4	7926	28
4	7927	17
4	7936	18
4	7937	30
4	7940	28
4	7948	18
4	7949	22
4	7951	19
4	7967	20
4	7968	31
4	7969	16
4	7971	19
4	7973	17
4	7976	19
4	7979	31
4	7983	29
4	7991	19
4	7992	28
4	7995	26
4	8000	18
4	8006	14
4	8007	26
4	8008	29
4	8013	18
4	8016	19
4	8022	19
4	8023	30
4	8039	20
4	8052	26
4	8053	16
4	8054	30
4	8057	18
4	8062	14
4	8066	30
4	8069	18
4	8082	17
4	8085	18
4	8100	20
4	8103	30
4	8117	17
4	8123	19
4	8124	30
4	8128	20
4	8133	29
4	8137	27
4	8143	26
4	8153	30
4	8168	17
4	8170	29
4	8172	30
4	8177	31
4	8178	17
4	8183	17
4	8187	29
4	8197	35
4	8228	32
4	8233	29
4	8239	27
4	8243	29
4	8245	14
4	8251	30
4	8252	14
4	8254	28
4	8255	16
4	8256	20
4	8262	28
4	8264	30
4	8266	18
4	8271	19
4	8293	29
4	8294	27
4	8297	27
4	8298	29
4	8304	20
4	8316	29
4	8334	20
4	8339	27
4	8346	29
4	8349	17
4	8351	30
4	8352	18
4	8367	31
4	8371	18
4	8372	14
4	8375	26
4	8379	17
4	8384	30
4	8386	33
4	8390	14
4	8413	16
4	8420	31
4	8433	17
4	8435	29
4	8443	28
4	8445	18
4	8448	26
4	8450	18
4	8456	16
4	8479	18
4	8493	19
4	8494	17
4	8501	30
4	8510	29
4	8525	20
4	8535	21
4	8537	28
4	8540	21
4	8541	29
4	8546	18
4	8547	18
4	8548	16
4	8549	29
4	8558	15
4	8570	31
4	8574	31
4	8581	15
4	8591	29
4	8597	29
4	8600	30
4	8603	20
4	8620	16
4	8629	30
4	8631	31
4	8645	31
4	8652	30
4	8661	15
4	8665	17
4	8667	26
4	8671	18
4	8674	13
4	8677	27
4	8698	29
4	8699	17
4	8702	28
4	8703	29
4	8705	32
4	8716	17
4	8718	28
4	8719	18
4	8722	16
4	8725	17
4	8726	29
4	8737	18
4	8742	29
4	8743	19
4	8746	31
4	8749	18
4	8750	28
4	8755	27
4	8757	30
4	8761	17
4	8767	27
4	8772	14
4	8782	14
4	8789	28
4	8795	15
4	8813	28
4	8818	16
4	8839	30
4	8842	29
4	8860	27
4	8861	18
4	8872	28
4	8881	19
4	8889	28
4	8892	31
4	8902	20
4	8914	27
4	8919	32
4	8943	18
4	8944	19
4	8946	30
4	8948	19
4	8954	29
4	8956	17
4	8957	19
4	8960	17
4	8961	30
4	8967	30
4	8971	29
4	8973	19
4	8975	30
4	8988	30
4	8995	27
4	8997	26
4	9002	17
4	9007	19
4	9013	23
4	9018	34
4	9019	16
4	9029	17
4	9031	20
4	9034	33
4	9037	30
4	9053	17
4	9059	30
4	9062	18
4	9068	29
4	9069	18
4	9070	31
4	9080	29
4	9084	31
4	9093	26
4	9098	18
4	9108	28
4	9110	32
4	9116	31
4	9117	28
4	9118	15
4	9125	31
4	9128	14
4	9139	16
4	9140	30
4	9147	14
4	9149	19
4	9150	20
4	9159	19
4	9160	17
4	9167	28
4	9185	20
4	9187	29
4	9198	31
4	9206	30
4	9207	29
4	9208	16
4	9222	29
4	9223	14
4	9231	18
4	9243	31
4	9253	20
4	9271	26
4	9272	16
4	9274	20
4	9275	14
4	9279	28
4	9282	33
4	9284	26
4	9286	31
4	9288	27
4	9292	27
4	9295	19
4	9303	28
4	9304	26
4	9305	19
4	9315	18
4	9321	16
4	9330	14
4	9331	31
4	9340	30
4	9348	31
4	9353	28
4	9366	30
4	9367	19
4	9373	19
4	9395	21
4	9400	17
4	9411	17
4	9413	21
4	9427	31
4	9433	15
4	9449	29
4	9452	30
4	9459	16
4	9467	28
4	9474	16
4	9475	17
4	9489	17
4	9492	19
4	9494	20
4	9495	17
4	9503	35
4	9504	30
4	9509	30
4	9522	28
4	9523	28
4	9529	29
4	9534	19
4	9536	17
4	9538	20
4	9544	29
4	9546	29
4	9548	16
4	9559	17
4	9562	15
4	9574	27
4	9589	31
4	9611	31
4	9618	31
4	9619	33
4	9627	28
4	9629	15
4	9633	31
4	9638	29
4	9657	27
4	9667	31
4	9681	28
4	9683	29
4	9694	29
4	9704	33
4	9706	31
4	9708	16
4	9713	18
4	9715	32
4	9718	30
4	9729	28
4	9741	19
4	9754	19
4	9758	14
4	9763	19
4	9770	29
4	9771	26
4	9773	32
4	9774	28
4	9779	30
4	9780	30
4	9782	17
4	9783	21
4	9786	31
4	9792	18
4	9793	30
4	9797	30
4	9798	19
4	9800	27
4	9801	29
4	9803	28
4	9806	30
4	9810	19
4	9824	18
4	9826	32
4	9828	17
4	9833	30
4	9849	17
4	9851	32
4	9859	25
4	9860	15
4	9861	32
4	9876	19
4	9880	28
4	9881	14
4	9892	30
4	9916	31
4	9925	15
4	9930	16
4	9932	31
4	9941	20
4	9945	31
4	9951	28
4	9955	32
4	9980	29
4	9981	32
4	9982	30
4	9994	17
4	9999	28
5	3	31
5	8	28
5	19	33
5	39	35
5	61	27
5	65	28
5	66	28
5	68	29
5	69	27
5	80	30
5	83	31
5	84	30
5	87	29
5	92	29
5	94	28
5	109	33
5	110	27
5	112	31
5	115	29
5	127	29
5	130	29
5	135	29
5	138	29
5	144	32
5	145	32
5	150	28
5	151	34
5	152	27
5	155	29
5	161	29
5	171	30
5	172	27
5	173	30
5	176	31
5	187	27
5	196	28
5	200	31
5	201	30
5	229	30
5	234	27
5	236	31
5	239	31
5	254	28
5	261	30
5	270	26
5	273	31
5	274	28
5	275	31
5	288	30
5	294	29
5	299	32
5	303	30
5	320	28
5	325	28
5	331	29
5	333	27
5	343	31
5	354	31
5	357	30
5	358	27
5	370	30
5	375	31
5	383	31
5	387	28
5	407	29
5	423	27
5	425	29
5	441	27
5	449	31
5	455	30
5	457	31
5	462	34
5	467	30
5	470	28
5	476	26
5	478	27
5	484	30
5	487	29
5	489	29
5	497	31
5	499	27
5	501	29
5	509	27
5	515	28
5	527	27
5	529	28
5	541	30
5	548	27
5	549	28
5	558	29
5	561	32
5	567	33
5	584	30
5	591	33
5	592	30
5	594	27
5	599	30
5	602	28
5	612	29
5	613	34
5	615	32
5	618	32
5	621	29
5	623	30
5	625	30
5	626	31
5	644	27
5	647	31
5	650	28
5	651	28
5	655	32
5	685	29
5	693	31
5	694	34
5	699	31
5	702	27
5	704	29
5	714	34
5	727	30
5	731	27
5	738	29
5	739	30
5	746	30
5	750	30
5	754	27
5	761	28
5	773	29
5	775	33
5	776	29
5	782	28
5	787	34
5	788	30
5	791	30
5	810	28
5	820	30
5	823	29
5	829	27
5	835	29
5	842	31
5	843	30
5	844	30
5	847	32
5	863	29
5	866	28
5	872	31
5	874	31
5	876	28
5	893	27
5	896	32
5	914	32
5	927	29
5	935	29
5	942	29
5	962	30
5	963	30
5	967	31
5	970	29
5	995	34
5	997	27
5	1014	28
5	1021	28
5	1024	31
5	1033	30
5	1041	32
5	1048	33
5	1049	30
5	1061	28
5	1064	28
5	1078	27
5	1081	26
5	1083	29
5	1085	26
5	1088	31
5	1089	31
5	1095	27
5	1096	28
5	1100	30
5	1108	33
5	1118	27
5	1121	32
5	1122	33
5	1128	33
5	1139	30
5	1140	32
5	1142	28
5	1143	32
5	1157	32
5	1171	31
5	1172	29
5	1174	29
5	1177	27
5	1188	31
5	1194	32
5	1195	31
5	1196	28
5	1199	33
5	1205	32
5	1210	31
5	1222	30
5	1258	30
5	1263	24
5	1279	24
5	1283	30
5	1286	31
5	1289	32
5	1293	29
5	1300	30
5	1309	30
5	1314	30
5	1327	27
5	1330	26
5	1332	32
5	1333	31
5	1340	30
5	1341	30
5	1347	30
5	1350	28
5	1353	32
5	1360	30
5	1362	29
5	1368	28
5	1370	28
5	1373	31
5	1374	32
5	1383	28
5	1384	30
5	1386	28
5	1400	29
5	1415	33
5	1418	26
5	1419	32
5	1424	27
5	1425	31
5	1430	28
5	1433	28
5	1440	31
5	1446	32
5	1448	29
5	1454	26
5	1455	26
5	1456	29
5	1461	31
5	1463	30
5	1465	29
5	1466	30
5	1483	32
5	1490	28
5	1498	29
5	1509	31
5	1512	30
5	1516	31
5	1523	25
5	1525	30
5	1530	29
5	1536	26
5	1537	34
5	1542	32
5	1543	30
5	1549	29
5	1552	35
5	1561	26
5	1578	28
5	1592	29
5	1593	27
5	1600	25
5	1604	29
5	1606	27
5	1609	28
5	1624	29
5	1625	32
5	1635	30
5	1652	31
5	1657	30
5	1664	31
5	1665	30
5	1667	30
5	1672	29
5	1692	27
5	1695	29
5	1701	31
5	1712	28
5	1717	28
5	1721	31
5	1726	28
5	1738	31
5	1739	30
5	1750	27
5	1751	31
5	1752	27
5	1753	27
5	1759	31
5	1762	30
5	1769	27
5	1778	32
5	1780	30
5	1792	29
5	1794	30
5	1800	33
5	1806	29
5	1813	28
5	1817	30
5	1828	31
5	1829	26
5	1830	31
5	1837	33
5	1838	33
5	1839	29
5	1847	31
5	1849	30
5	1851	28
5	1863	29
5	1871	25
5	1872	29
5	1879	28
5	1883	24
5	1888	28
5	1889	30
5	1896	28
5	1901	27
5	1903	32
5	1904	29
5	1917	29
5	1921	30
5	1925	29
5	1934	29
5	1935	29
5	1938	30
5	1942	30
5	1947	30
5	1967	32
5	1970	26
5	1973	26
5	1975	30
5	1980	30
5	1982	28
5	1987	32
5	1996	30
5	2006	31
5	2018	28
5	2020	30
5	2029	31
5	2030	29
5	2040	29
5	2043	33
5	2046	27
5	2052	30
5	2054	28
5	2060	32
5	2065	29
5	2068	31
5	2069	29
5	2079	31
5	2095	32
5	2105	30
5	2106	30
5	2108	32
5	2111	29
5	2119	25
5	2129	30
5	2130	27
5	2132	29
5	2133	29
5	2137	32
5	2139	32
5	2157	30
5	2158	27
5	2161	28
5	2167	27
5	2176	31
5	2180	27
5	2181	31
5	2182	28
5	2187	29
5	2190	33
5	2194	31
5	2195	28
5	2198	33
5	2200	32
5	2207	28
5	2209	28
5	2216	32
5	2221	33
5	2225	31
5	2228	28
5	2234	30
5	2238	30
5	2243	31
5	2254	31
5	2262	34
5	2265	31
5	2266	26
5	2276	30
5	2283	28
5	2286	30
5	2287	25
5	2288	32
5	2289	27
5	2290	28
5	2292	28
5	2298	29
5	2304	30
5	2305	27
5	2308	31
5	2317	29
5	2318	29
5	2322	29
5	2324	28
5	2325	28
5	2327	28
5	2328	25
5	2333	26
5	2338	30
5	2342	31
5	2348	27
5	2351	31
5	2355	31
5	2365	30
5	2367	32
5	2381	31
5	2384	29
5	2391	32
5	2392	31
5	2394	29
5	2396	30
5	2398	32
5	2401	30
5	2402	28
5	2408	30
5	2417	29
5	2419	28
5	2420	29
5	2422	29
5	2424	30
5	2425	31
5	2432	30
5	2437	29
5	2441	31
5	2454	31
5	2456	27
5	2458	27
5	2461	29
5	2462	30
5	2465	29
5	2481	31
5	2484	31
5	2502	30
5	2513	27
5	2515	35
5	2519	30
5	2520	32
5	2527	31
5	2531	34
5	2539	27
5	2540	30
5	2550	31
5	2558	27
5	2560	31
5	2563	31
5	2564	30
5	2565	29
5	2568	30
5	2572	30
5	2579	29
5	2584	33
5	2591	30
5	2596	30
5	2601	26
5	2609	30
5	2615	29
5	2621	28
5	2627	31
5	2628	31
5	2635	29
5	2642	30
5	2651	32
5	2652	32
5	2657	30
5	2664	30
5	2665	29
5	2676	32
5	2677	30
5	2695	30
5	2703	29
5	2717	26
5	2725	33
5	2731	32
5	2734	29
5	2740	29
5	2747	30
5	2751	26
5	2754	29
5	2762	25
5	2763	29
5	2768	30
5	2780	30
5	2781	30
5	2784	33
5	2803	31
5	2812	28
5	2815	30
5	2825	27
5	2827	26
5	2836	29
5	2843	30
5	2845	29
5	2849	27
5	2852	29
5	2866	31
5	2878	31
5	2885	29
5	2889	26
5	2902	28
5	2916	32
5	2917	33
5	2920	28
5	2923	27
5	2924	31
5	2935	27
5	2938	26
5	2942	28
5	2950	30
5	2958	30
5	2960	26
5	2964	29
5	2967	29
5	2970	29
5	2977	32
5	2987	30
5	2990	27
5	2996	26
5	2997	31
5	2998	28
5	2999	28
5	3001	29
5	3003	28
5	3004	30
5	3009	29
5	3011	29
5	3014	30
5	3017	27
5	3019	28
5	3025	29
5	3030	29
5	3034	29
5	3045	28
5	3051	29
5	3057	32
5	3064	25
5	3068	32
5	3073	30
5	3075	32
5	3090	31
5	3097	31
5	3102	31
5	3117	28
5	3120	32
5	3125	34
5	3140	32
5	3142	32
5	3149	30
5	3150	32
5	3174	26
5	3176	32
5	3177	28
5	3180	29
5	3186	29
5	3188	30
5	3194	28
5	3197	30
5	3202	31
5	3217	29
5	3225	27
5	3228	31
5	3231	31
5	3235	34
5	3244	28
5	3256	28
5	3262	28
5	3263	30
5	3266	29
5	3274	28
5	3275	28
5	3277	29
5	3281	28
5	3284	34
5	3287	28
5	3295	27
5	3299	29
5	3305	28
5	3306	30
5	3312	27
5	3318	30
5	3321	27
5	3322	30
5	3327	29
5	3334	28
5	3347	29
5	3349	26
5	3355	30
5	3364	29
5	3368	29
5	3377	32
5	3380	30
5	3391	26
5	3404	29
5	3416	29
5	3422	30
5	3432	29
5	3436	28
5	3438	31
5	3446	31
5	3457	30
5	3467	31
5	3479	25
5	3486	27
5	3490	31
5	3494	27
5	3495	32
5	3497	34
5	3498	28
5	3504	37
5	3506	30
5	3511	28
5	3513	30
5	3521	31
5	3525	26
5	3531	29
5	3535	27
5	3549	27
5	3550	29
5	3554	28
5	3555	30
5	3558	28
5	3562	28
5	3567	31
5	3568	32
5	3575	30
5	3580	28
5	3583	28
5	3584	30
5	3585	34
5	3586	27
5	3599	29
5	3615	30
5	3617	30
5	3628	30
5	3640	29
5	3646	31
5	3652	28
5	3654	30
5	3657	26
5	3659	28
5	3663	25
5	3666	28
5	3682	33
5	3688	29
5	3702	27
5	3708	30
5	3711	31
5	3723	32
5	3728	30
5	3745	30
5	3747	31
5	3752	30
5	3754	26
5	3756	26
5	3758	33
5	3770	33
5	3774	31
5	3779	28
5	3780	29
5	3782	30
5	3783	30
5	3787	30
5	3793	26
5	3812	30
5	3822	31
5	3825	32
5	3831	28
5	3832	30
5	3835	29
5	3838	28
5	3849	30
5	3851	28
5	3856	31
5	3857	31
5	3865	27
5	3867	33
5	3869	30
5	3876	31
5	3888	32
5	3897	29
5	3906	31
5	3908	29
5	3911	30
5	3912	33
5	3931	32
5	3937	31
5	3942	30
5	3946	26
5	3954	27
5	3955	31
5	3960	31
5	3963	35
5	3966	30
5	3979	30
5	3981	29
5	3989	30
5	3997	29
5	4001	29
5	4014	26
5	4015	27
5	4017	31
5	4019	31
5	4030	32
5	4042	31
5	4049	28
5	4052	31
5	4060	29
5	4063	29
5	4064	30
5	4076	29
5	4082	30
5	4101	26
5	4104	35
5	4116	31
5	4121	28
5	4125	28
5	4133	27
5	4136	28
5	4144	29
5	4147	32
5	4150	32
5	4151	30
5	4168	32
5	4181	29
5	4185	28
5	4186	29
5	4188	26
5	4189	30
5	4190	26
5	4201	25
5	4209	29
5	4219	31
5	4224	29
5	4226	29
5	4230	27
5	4254	25
5	4264	30
5	4269	26
5	4279	30
5	4286	27
5	4295	29
5	4300	29
5	4311	36
5	4317	28
5	4321	28
5	4331	29
5	4335	31
5	4336	26
5	4344	30
5	4345	31
5	4347	31
5	4355	29
5	4358	31
5	4359	31
5	4365	30
5	4371	30
5	4372	29
5	4374	25
5	4378	26
5	4382	30
5	4384	27
5	4393	29
5	4401	28
5	4403	28
5	4411	35
5	4419	27
5	4421	30
5	4425	28
5	4433	32
5	4436	30
5	4443	25
5	4444	31
5	4445	28
5	4449	28
5	4458	31
5	4463	31
5	4465	29
5	4471	34
5	4473	33
5	4474	27
5	4492	25
5	4511	30
5	4516	28
5	4527	32
5	4529	31
5	4535	32
5	4544	30
5	4546	31
5	4547	28
5	4561	33
5	4571	28
5	4572	34
5	4573	31
5	4575	29
5	4579	28
5	4588	28
5	4595	27
5	4597	27
5	4606	28
5	4626	30
5	4636	30
5	4639	29
5	4659	30
5	4673	31
5	4675	27
5	4685	31
5	4688	28
5	4700	29
5	4704	33
5	4712	32
5	4720	28
5	4731	28
5	4732	29
5	4743	33
5	4747	28
5	4762	27
5	4765	30
5	4774	26
5	4776	27
5	4779	29
5	4780	29
5	4782	30
5	4788	31
5	4789	30
5	4791	31
5	4794	31
5	4815	26
5	4816	28
5	4817	32
5	4822	32
5	4828	32
5	4832	31
5	4834	29
5	4835	32
5	4837	27
5	4850	29
5	4855	28
5	4872	27
5	4875	28
5	4882	28
5	4890	29
5	4896	31
5	4898	29
5	4902	29
5	4921	28
5	4923	30
5	4927	25
5	4941	29
5	4951	29
5	4952	28
5	4954	31
5	4956	32
5	4974	27
5	4991	28
5	5007	30
5	5008	29
5	5012	30
5	5022	29
5	5027	25
5	5033	28
5	5034	28
5	5038	28
5	5045	30
5	5048	29
5	5057	30
5	5058	28
5	5062	30
5	5067	30
5	5071	30
5	5076	29
5	5088	25
5	5090	31
5	5104	29
5	5106	26
5	5117	28
5	5127	29
5	5128	30
5	5138	30
5	5139	28
5	5142	29
5	5143	31
5	5147	30
5	5152	30
5	5159	29
5	5175	29
5	5176	29
5	5185	30
5	5187	28
5	5195	31
5	5198	31
5	5200	29
5	5201	29
5	5215	31
5	5216	27
5	5217	31
5	5220	28
5	5222	26
5	5230	30
5	5232	30
5	5235	26
5	5249	33
5	5253	28
5	5254	30
5	5255	32
5	5266	29
5	5269	30
5	5282	27
5	5289	31
5	5296	29
5	5299	31
5	5304	28
5	5316	30
5	5321	30
5	5330	31
5	5340	32
5	5350	30
5	5356	30
5	5368	30
5	5379	31
5	5382	30
5	5396	31
5	5409	29
5	5411	28
5	5426	27
5	5429	29
5	5434	30
5	5435	29
5	5442	30
5	5471	30
5	5481	30
5	5482	29
5	5489	28
5	5494	27
5	5496	29
5	5500	32
5	5501	29
5	5514	29
5	5524	31
5	5532	34
5	5534	30
5	5537	30
5	5542	28
5	5544	29
5	5555	29
5	5569	28
5	5570	31
5	5571	31
5	5573	28
5	5574	29
5	5575	28
5	5577	28
5	5586	33
5	5593	29
5	5608	31
5	5611	28
5	5613	28
5	5627	30
5	5629	31
5	5633	30
5	5642	29
5	5649	29
5	5650	28
5	5651	31
5	5653	34
5	5654	31
5	5655	29
5	5658	33
5	5671	30
5	5680	31
5	5684	31
5	5698	31
5	5699	31
5	5702	32
5	5706	31
5	5707	29
5	5710	28
5	5713	26
5	5714	28
5	5717	31
5	5723	30
5	5726	27
5	5731	27
5	5739	32
5	5742	30
5	5751	28
5	5770	27
5	5781	28
5	5796	33
5	5802	32
5	5806	31
5	5810	29
5	5813	29
5	5821	33
5	5828	31
5	5856	29
5	5864	32
5	5875	29
5	5876	33
5	5880	32
5	5893	30
5	5901	28
5	5909	30
5	5914	32
5	5925	31
5	5927	27
5	5932	32
5	5933	26
5	5936	29
5	5938	33
5	5955	30
5	5961	31
5	5969	26
5	5972	28
5	5975	27
5	5978	32
5	5984	28
5	5994	30
5	5995	35
5	6001	24
5	6008	32
5	6010	30
5	6021	29
5	6028	31
5	6036	28
5	6039	28
5	6046	28
5	6048	29
5	6076	25
5	6077	29
5	6078	30
5	6088	28
5	6107	31
5	6111	30
5	6119	32
5	6122	31
5	6127	32
5	6131	28
5	6133	28
5	6150	26
5	6152	29
5	6157	34
5	6159	25
5	6160	29
5	6163	29
5	6168	31
5	6171	29
5	6178	27
5	6183	27
5	6186	26
5	6195	27
5	6197	28
5	6202	31
5	6209	33
5	6212	28
5	6217	29
5	6234	30
5	6247	31
5	6251	30
5	6259	29
5	6267	29
5	6276	29
5	6277	30
5	6282	30
5	6283	29
5	6294	27
5	6295	29
5	6300	28
5	6304	30
5	6307	31
5	6310	32
5	6317	28
5	6319	29
5	6321	31
5	6328	29
5	6330	29
5	6333	31
5	6341	30
5	6342	29
5	6359	31
5	6364	27
5	6375	26
5	6379	28
5	6382	30
5	6385	32
5	6388	31
5	6403	31
5	6408	29
5	6409	29
5	6418	31
5	6424	32
5	6426	28
5	6429	31
5	6433	31
5	6448	27
5	6449	29
5	6455	26
5	6457	28
5	6462	29
5	6465	27
5	6468	26
5	6471	31
5	6483	33
5	6488	28
5	6501	30
5	6502	30
5	6521	27
5	6534	31
5	6553	28
5	6563	29
5	6566	31
5	6573	28
5	6584	28
5	6591	32
5	6593	29
5	6599	29
5	6601	29
5	6609	32
5	6610	30
5	6611	30
5	6623	32
5	6632	32
5	6634	26
5	6636	29
5	6670	30
5	6671	32
5	6676	38
5	6695	33
5	6710	30
5	6711	31
5	6721	28
5	6726	32
5	6729	23
5	6732	30
5	6733	32
5	6745	29
5	6761	28
5	6762	30
5	6765	29
5	6768	28
5	6771	28
5	6776	30
5	6777	29
5	6789	27
5	6811	28
5	6820	30
5	6838	30
5	6840	29
5	6847	30
5	6853	33
5	6857	30
5	6871	27
5	6876	31
5	6877	31
5	6880	32
5	6896	33
5	6906	33
5	6912	33
5	6921	29
5	6934	26
5	6937	26
5	6956	28
5	6960	29
5	6963	30
5	6975	29
5	6980	27
5	6987	29
5	7000	32
5	7003	27
5	7007	28
5	7016	33
5	7027	32
5	7044	30
5	7049	28
5	7050	31
5	7055	25
5	7060	31
5	7065	31
5	7078	30
5	7080	29
5	7085	27
5	7090	30
5	7091	29
5	7094	31
5	7103	31
5	7112	30
5	7118	31
5	7120	28
5	7123	30
5	7130	29
5	7132	28
5	7143	30
5	7144	29
5	7156	30
5	7157	32
5	7159	29
5	7165	29
5	7167	30
5	7184	29
5	7198	26
5	7202	34
5	7215	31
5	7227	27
5	7233	27
5	7240	29
5	7254	29
5	7255	30
5	7257	29
5	7265	27
5	7272	31
5	7278	30
5	7294	29
5	7300	26
5	7310	27
5	7312	28
5	7313	30
5	7321	28
5	7350	27
5	7358	29
5	7365	32
5	7366	33
5	7376	28
5	7391	29
5	7403	27
5	7408	24
5	7411	32
5	7421	29
5	7424	26
5	7435	30
5	7437	27
5	7451	28
5	7454	33
5	7465	35
5	7471	25
5	7474	28
5	7479	30
5	7481	24
5	7485	28
5	7489	30
5	7490	29
5	7491	29
5	7493	34
5	7495	30
5	7512	30
5	7519	33
5	7532	29
5	7545	29
5	7547	33
5	7553	30
5	7559	26
5	7580	31
5	7587	30
5	7598	32
5	7602	30
5	7603	31
5	7605	27
5	7607	31
5	7617	31
5	7618	28
5	7623	27
5	7624	34
5	7632	32
5	7633	27
5	7635	32
5	7639	28
5	7644	29
5	7645	34
5	7657	28
5	7659	27
5	7666	30
5	7668	31
5	7672	29
5	7680	27
5	7697	29
5	7699	30
5	7724	29
5	7725	29
5	7726	28
5	7739	27
5	7750	32
5	7765	30
5	7771	28
5	7781	30
5	7792	32
5	7804	28
5	7811	32
5	7814	28
5	7815	32
5	7819	33
5	7821	31
5	7823	30
5	7827	31
5	7844	28
5	7849	29
5	7852	32
5	7855	30
5	7860	27
5	7879	29
5	7888	28
5	7889	28
5	7890	28
5	7907	29
5	7908	30
5	7915	32
5	7922	31
5	7923	29
5	7928	30
5	7939	27
5	7944	28
5	7945	28
5	7948	30
5	7954	27
5	7961	31
5	7967	29
5	7972	27
5	7973	28
5	7993	29
5	8003	30
5	8009	29
5	8013	30
5	8021	30
5	8025	31
5	8037	32
5	8042	28
5	8048	32
5	8053	31
5	8054	27
5	8058	30
5	8059	28
5	8061	32
5	8067	30
5	8068	33
5	8076	28
5	8091	28
5	8092	28
5	8095	29
5	8096	30
5	8098	28
5	8118	27
5	8120	36
5	8121	27
5	8126	30
5	8138	27
5	8141	29
5	8143	31
5	8150	31
5	8165	31
5	8168	32
5	8179	29
5	8181	30
5	8192	32
5	8196	31
5	8206	27
5	8208	28
5	8210	34
5	8219	31
5	8221	26
5	8226	30
5	8231	25
5	8233	29
5	8236	31
5	8264	26
5	8271	29
5	8273	26
5	8282	30
5	8297	33
5	8303	32
5	8314	30
5	8319	30
5	8326	29
5	8331	28
5	8332	31
5	8333	29
5	8336	31
5	8340	30
5	8341	25
5	8343	30
5	8347	31
5	8357	29
5	8358	31
5	8365	28
5	8381	28
5	8388	27
5	8391	31
5	8398	26
5	8399	29
5	8411	27
5	8413	28
5	8414	29
5	8415	26
5	8417	34
5	8421	26
5	8423	30
5	8430	31
5	8434	27
5	8444	30
5	8457	27
5	8458	32
5	8470	26
5	8478	32
5	8482	29
5	8483	28
5	8491	32
5	8501	29
5	8504	29
5	8505	30
5	8518	31
5	8520	27
5	8522	32
5	8529	30
5	8533	30
5	8534	31
5	8541	30
5	8542	28
5	8544	32
5	8545	28
5	8560	33
5	8573	26
5	8575	29
5	8578	29
5	8585	30
5	8590	29
5	8602	30
5	8610	33
5	8612	33
5	8626	31
5	8630	33
5	8639	30
5	8651	33
5	8652	31
5	8672	29
5	8676	28
5	8684	30
5	8689	26
5	8704	31
5	8710	28
5	8725	28
5	8741	27
5	8742	33
5	8751	30
5	8760	30
5	8765	26
5	8770	29
5	8775	29
5	8777	32
5	8788	30
5	8793	30
5	8794	31
5	8799	33
5	8802	32
5	8812	29
5	8814	33
5	8817	29
5	8830	29
5	8833	34
5	8846	28
5	8853	31
5	8860	33
5	8873	29
5	8884	31
5	8902	27
5	8905	31
5	8906	30
5	8910	30
5	8925	31
5	8930	29
5	8934	32
5	8936	30
5	8945	31
5	8949	29
5	8951	27
5	8952	29
5	8971	30
5	8973	29
5	8983	29
5	8990	31
5	9004	32
5	9006	32
5	9011	26
5	9014	31
5	9021	26
5	9029	25
5	9033	28
5	9034	28
5	9047	30
5	9056	29
5	9057	31
5	9059	27
5	9060	26
5	9070	28
5	9072	28
5	9093	27
5	9094	29
5	9098	26
5	9101	30
5	9102	32
5	9110	30
5	9111	32
5	9117	29
5	9119	28
5	9122	30
5	9124	29
5	9125	29
5	9129	30
5	9134	28
5	9135	33
5	9136	33
5	9139	29
5	9141	30
5	9146	28
5	9163	30
5	9170	31
5	9172	29
5	9174	30
5	9181	27
5	9182	30
5	9186	29
5	9196	32
5	9205	32
5	9208	30
5	9210	31
5	9215	27
5	9220	30
5	9222	32
5	9226	31
5	9238	32
5	9241	28
5	9244	30
5	9268	29
5	9269	30
5	9271	29
5	9274	26
5	9288	31
5	9296	26
5	9311	34
5	9321	29
5	9326	26
5	9330	28
5	9336	32
5	9339	32
5	9349	31
5	9354	30
5	9379	31
5	9385	30
5	9386	28
5	9390	27
5	9391	30
5	9396	29
5	9398	30
5	9401	27
5	9413	30
5	9420	31
5	9430	30
5	9440	26
5	9442	30
5	9443	28
5	9446	31
5	9452	26
5	9470	30
5	9472	29
5	9475	28
5	9476	29
5	9483	28
5	9493	27
5	9504	31
5	9506	31
5	9509	28
5	9514	30
5	9516	32
5	9526	33
5	9528	27
5	9534	27
5	9537	27
5	9543	28
5	9544	29
5	9545	29
5	9550	30
5	9557	30
5	9569	30
5	9570	28
5	9571	30
5	9585	25
5	9592	27
5	9611	33
5	9614	24
5	9616	29
5	9618	30
5	9623	29
5	9644	32
5	9646	28
5	9647	33
5	9663	31
5	9664	30
5	9666	31
5	9672	32
5	9675	32
5	9676	28
5	9680	30
5	9685	27
5	9698	32
5	9700	27
5	9702	27
5	9710	30
5	9711	30
5	9716	29
5	9718	28
5	9723	28
5	9724	31
5	9730	28
5	9739	32
5	9756	27
5	9770	26
5	9776	27
5	9782	30
5	9795	30
5	9796	28
5	9799	33
5	9803	29
5	9820	29
5	9822	27
5	9829	31
5	9831	30
5	9832	30
5	9844	32
5	9845	27
5	9852	30
5	9858	27
5	9870	27
5	9874	31
5	9879	31
5	9884	29
5	9888	30
5	9890	33
5	9891	27
5	9901	32
5	9903	29
5	9907	31
5	9922	31
5	9932	28
5	9935	26
5	9951	31
5	9953	29
5	9971	29
5	9978	29
5	9985	30
5	9986	28
5	9999	31
